-4.09   17.30   -20.44
-4.16   17.30   -20.29
-4.01   17.30   -20.51
-3.87   17.15   -20.51
-3.94   17.15   -20.22
-3.65   17.08   -20.29
-3.72   17.15   -20.29
-3.87   17.15   -20.44
-3.80   17.23   -20.37
-3.80   17.30   -20.44
-3.65   17.23   -20.44
-3.65   17.23   -20.51
-3.50   17.23   -20.73
-3.28   17.23   -20.44
-3.43   17.45   -20.80
-3.28   17.45   -20.59
-3.28   17.30   -20.51
-3.50   17.15   -20.51
-3.65   17.01   -20.59
-4.09   17.01   -20.29
-4.16   16.86   -20.44
-4.09   17.08   -20.51
-4.16   16.79   -20.44
-4.23   17.01   -20.44
-4.16   16.86   -20.59
-4.16   16.94   -20.29
-3.87   17.01   -20.37
-3.87   16.94   -20.51
-4.16   16.57   -20.22
-4.82   16.86   -20.44
-4.45   16.57   -20.51
-4.75   16.57   -20.37
-4.31   16.72   -20.22
-4.53   16.86   -20.44
-4.75   16.79   -20.22
-4.53   16.57   -20.37
-4.82   16.72   -20.29
-4.60   16.57   -20.59
-4.60   16.57   -20.51
-4.67   16.72   -20.37
-4.67   16.79   -20.29
