 0.00000000e+00 -2.73270732e+01 -1.86743902e+01 3.13102439e+01
 6.11204796e-02 -2.40370732e+01 -1.88143902e+01 3.16702439e+01
 1.22240959e-01 -2.24370732e+01 -2.04243902e+01 3.26202439e+01
 1.83361439e-01 -2.00270732e+01 -2.04943902e+01 3.29102439e+01
 2.44481919e-01 -1.65270732e+01 -2.12243902e+01 3.38602439e+01
 3.05602398e-01 -1.41870732e+01 -2.25443902e+01 3.40802439e+01
 3.66722878e-01 -1.06870732e+01 -2.28343902e+01 3.46602439e+01
 4.27843357e-01 -8.05707317e+00 -2.37843902e+01 3.55402439e+01
 4.88963837e-01 -4.03707317e+00 -2.37843902e+01 3.65602439e+01
 5.50084317e-01 -1.77707317e+00 -2.48043902e+01 3.72902439e+01
 6.11204796e-01 2.82292683e+00 -2.46643902e+01 3.75802439e+01
 6.72325276e-01 4.50292683e+00 -2.45843902e+01 3.82402439e+01
 7.33445756e-01 7.34292683e+00 -2.49543902e+01 3.91902439e+01
 7.94566235e-01 1.18729268e+01 -2.46643902e+01 4.01402439e+01
 8.55686715e-01 1.39129268e+01 -2.46643902e+01 4.08702439e+01
 9.16807195e-01 1.81529268e+01 -2.40043902e+01 4.11602439e+01
 9.77927674e-01 1.97529268e+01 -2.32743902e+01 4.26202439e+01
 1.03904815e+00 2.45029268e+01 -2.26843902e+01 4.28402439e+01
 1.10016863e+00 2.60329268e+01 -2.15243902e+01 4.34202439e+01
 1.16128911e+00 2.77129268e+01 -2.06443902e+01 4.43702439e+01
 1.22240959e+00 3.15829268e+01 -1.96943902e+01 4.45202439e+01
 1.28353007e+00 3.26829268e+01 -1.72843902e+01 4.56102439e+01
 1.34465055e+00 3.56029268e+01 -1.66243902e+01 4.57602439e+01
 1.40577103e+00 3.69129268e+01 -1.37143902e+01 4.65602439e+01
 1.46689151e+00 3.87429268e+01 -1.27643902e+01 4.68602439e+01
 1.52801199e+00 3.99029268e+01 -1.18843902e+01 4.70702439e+01
 1.58913247e+00 4.04129268e+01 -8.30439024e+00 4.70702439e+01
 1.65025295e+00 4.08529268e+01 -6.84439024e+00 4.74402439e+01
 1.71137343e+00 4.10729268e+01 -3.78439024e+00 4.73702439e+01
 1.77249391e+00 4.08529268e+01 -2.32439024e+00 4.75102439e+01
 1.83361439e+00 4.12229268e+01 1.55609756e-01 4.70702439e+01
 1.89473487e+00 3.97629268e+01 2.42560976e+00 4.70702439e+01
 1.95585535e+00 3.85929268e+01 3.80560976e+00 4.70702439e+01
 2.01697583e+00 3.83729268e+01 6.87560976e+00 4.64202439e+01
 2.07809631e+00 3.59629268e+01 8.77560976e+00 4.65602439e+01
 2.13921679e+00 3.48729268e+01 1.05956098e+01 4.56102439e+01
 2.20033727e+00 3.20929268e+01 1.22756098e+01 4.51802439e+01
 2.26145775e+00 2.99729268e+01 1.46156098e+01 4.45902439e+01
 2.32257823e+00 2.70529268e+01 1.64356098e+01 4.37902439e+01
 2.38369871e+00 2.47929268e+01 1.74656098e+01 4.40102439e+01
 2.44481919e+00 2.30429268e+01 1.92856098e+01 4.24002439e+01
 2.50593967e+00 1.82929268e+01 2.05256098e+01 4.24802439e+01
 2.56706014e+00 1.66229268e+01 2.21356098e+01 4.13102439e+01
 2.62818062e+00 1.16529268e+01 2.31556098e+01 4.13102439e+01
 2.68930110e+00 9.68292683e+00 2.41056098e+01 3.96302439e+01
 2.75042158e+00 4.43292683e+00 2.49056098e+01 3.94802439e+01
 2.81154206e+00 2.60292683e+00 2.49056098e+01 3.89702439e+01
 2.87266254e+00 2.62926829e-01 2.60056098e+01 3.81702439e+01
 2.93378302e+00 -4.32707317e+00 2.58556098e+01 3.75102439e+01
 2.99490350e+00 -7.03707317e+00 2.66556098e+01 3.66402439e+01
 3.05602398e+00 -1.14170732e+01 2.68056098e+01 3.56902439e+01
 3.11714446e+00 -1.41170732e+01 2.64356098e+01 3.53202439e+01
 3.17826494e+00 -1.80570732e+01 2.70256098e+01 3.43702439e+01
 3.23938542e+00 -2.09770732e+01 2.67356098e+01 3.36402439e+01
 3.30050590e+00 -2.50670732e+01 2.70956098e+01 3.37202439e+01
 3.36162638e+00 -2.65270732e+01 2.60056098e+01 3.30602439e+01
 3.42274686e+00 -2.85670732e+01 2.59256098e+01 3.24802439e+01
 3.48386734e+00 -3.25070732e+01 2.59256098e+01 3.18902439e+01
 3.54498782e+00 -3.44770732e+01 2.49756098e+01 3.08002439e+01
 3.60610830e+00 -3.79070732e+01 2.49756098e+01 3.08002439e+01
 3.66722878e+00 -3.97370732e+01 2.42556098e+01 3.04302439e+01
 3.72834926e+00 -4.28070732e+01 2.32256098e+01 3.00702439e+01
 3.78946974e+00 -4.34570732e+01 2.29356098e+01 2.92602439e+01
 3.85059022e+00 -4.55770732e+01 2.22056098e+01 2.92602439e+01
 3.91171070e+00 -4.78370732e+01 2.16956098e+01 2.94102439e+01
 3.97283118e+00 -4.83470732e+01 2.07456098e+01 2.84602439e+01
 4.03395166e+00 -5.10470732e+01 2.02356098e+01 2.83902439e+01
 4.09507214e+00 -5.22170732e+01 1.89956098e+01 2.78802439e+01
 4.15619262e+00 -5.42670732e+01 1.86256098e+01 2.81002439e+01
 4.21731310e+00 -5.44070732e+01 1.80456098e+01 2.75102439e+01
 4.27843357e+00 -5.55070732e+01 1.66556098e+01 2.70702439e+01
 4.33955405e+00 -5.70370732e+01 1.62256098e+01 2.72902439e+01
 4.40067453e+00 -5.70370732e+01 1.47556098e+01 2.74402439e+01
 4.46179501e+00 -5.78370732e+01 1.42456098e+01 2.66402439e+01
 4.52291549e+00 -5.87870732e+01 1.28656098e+01 2.67102439e+01
 4.58403597e+00 -5.94470732e+01 1.21356098e+01 2.70702439e+01
 4.64515645e+00 -5.90070732e+01 1.14756098e+01 2.62702439e+01
 4.70627693e+00 -5.98870732e+01 1.03756098e+01 2.64202439e+01
 4.76739741e+00 -5.98870732e+01 9.64560976e+00 2.69302439e+01
 4.82851789e+00 -5.91570732e+01 8.48560976e+00 2.64202439e+01
 4.88963837e+00 -5.92270732e+01 7.60560976e+00 2.61202439e+01
 4.95075885e+00 -5.97370732e+01 5.78560976e+00 2.61202439e+01
 5.01187933e+00 -5.90870732e+01 5.70560976e+00 2.63402439e+01
 5.07299981e+00 -5.84270732e+01 4.68560976e+00 2.61202439e+01
 5.13412029e+00 -5.83570732e+01 3.07560976e+00 2.65602439e+01
 5.19524077e+00 -5.71070732e+01 2.71560976e+00 2.62702439e+01
 5.25636125e+00 -5.71070732e+01 1.25560976e+00 2.64902439e+01
 5.31748173e+00 -5.57970732e+01 2.35609756e-01 2.67102439e+01
 5.37860221e+00 -5.44070732e+01 -9.34390244e-01 2.69302439e+01
 5.43972269e+00 -5.33870732e+01 -2.24439024e+00 2.68502439e+01
 5.50084317e+00 -5.25170732e+01 -2.68439024e+00 2.70702439e+01
 5.56196365e+00 -5.17770732e+01 -4.29439024e+00 2.67802439e+01
 5.62308413e+00 -5.03170732e+01 -4.94439024e+00 2.74402439e+01
 5.68420461e+00 -4.85670732e+01 -6.40439024e+00 2.75802439e+01
 5.74532509e+00 -4.68170732e+01 -7.72439024e+00 2.78802439e+01
 5.80644557e+00 -4.50670732e+01 -8.81439024e+00 2.82402439e+01
 5.86756605e+00 -4.30970732e+01 -1.01343902e+01 2.84602439e+01
 5.92868653e+00 -4.17070732e+01 -1.04243902e+01 2.85302439e+01
 5.98980700e+00 -4.05370732e+01 -1.24643902e+01 2.88202439e+01
 6.05092748e+00 -3.79870732e+01 -1.26143902e+01 2.91202439e+01
 6.11204796e+00 -3.61570732e+01 -1.45143902e+01 2.94802439e+01
 6.17316844e+00 -3.30170732e+01 -1.51743902e+01 3.04302439e+01
 6.23428892e+00 -3.08270732e+01 -1.68443902e+01 3.04302439e+01
 6.29540940e+00 -2.79870732e+01 -1.75043902e+01 3.09402439e+01
 6.35652988e+00 -2.60170732e+01 -1.83843902e+01 3.13802439e+01
 6.41765036e+00 -2.38270732e+01 -1.94743902e+01 3.24802439e+01
 6.47877084e+00 -2.00970732e+01 -2.04943902e+01 3.30602439e+01
 6.53989132e+00 -1.82770732e+01 -2.11543902e+01 3.34202439e+01
 6.60101180e+00 -1.52070732e+01 -2.18843902e+01 3.41502439e+01
 6.66213228e+00 -1.24370732e+01 -2.26143902e+01 3.48102439e+01
 6.72325276e+00 -8.63707317e+00 -2.34143902e+01 3.54702439e+01
 6.78437324e+00 -5.71707317e+00 -2.40043902e+01 3.59102439e+01
 6.84549372e+00 -2.65707317e+00 -2.40743902e+01 3.67102439e+01
 6.90661420e+00 1.92926829e-01 -2.48043902e+01 3.74402439e+01
 6.96773468e+00 2.53292683e+00 -2.45143902e+01 3.83902439e+01
 7.02885516e+00 7.20292683e+00 -2.50943902e+01 3.92602439e+01
 7.08997564e+00 9.54292683e+00 -2.46643902e+01 3.93402439e+01
 7.15109612e+00 1.32629268e+01 -2.42943902e+01 4.04302439e+01
 7.21221660e+00 1.56729268e+01 -2.42243902e+01 4.11602439e+01
 7.27333708e+00 1.99029268e+01 -2.34943902e+01 4.19602439e+01
 7.33445756e+00 2.18729268e+01 -2.31243902e+01 4.26202439e+01
 7.39557804e+00 2.42129268e+01 -2.19543902e+01 4.31302439e+01
 7.45669852e+00 2.71329268e+01 -2.07943902e+01 4.37202439e+01
 7.51781900e+00 2.91029268e+01 -1.96943902e+01 4.47402439e+01
 7.57893948e+00 3.25329268e+01 -1.84543902e+01 4.49602439e+01
 7.64005996e+00 3.38429268e+01 -1.67743902e+01 4.62702439e+01
 7.70118043e+00 3.69129268e+01 -1.58243902e+01 4.59802439e+01
 7.76230091e+00 3.74929268e+01 -1.42243902e+01 4.61302439e+01
 7.82342139e+00 3.80829268e+01 -1.14443902e+01 4.69302439e+01
 7.88454187e+00 4.01929268e+01 -1.02743902e+01 4.69302439e+01
 7.94566235e+00 4.03429268e+01 -6.92439024e+00 4.76602439e+01
 8.00678283e+00 4.15129268e+01 -5.89439024e+00 4.77302439e+01
 8.06790331e+00 4.17329268e+01 -2.39439024e+00 4.71502439e+01
 8.12902379e+00 4.06329268e+01 -9.34390244e-01 4.75902439e+01
 8.19014427e+00 4.07129268e+01 3.05609756e-01 4.71502439e+01
 8.25126475e+00 4.01929268e+01 4.17560976e+00 4.70002439e+01
 8.31238523e+00 3.83029268e+01 5.12560976e+00 4.72202439e+01
 8.37350571e+00 3.76429268e+01 8.62560976e+00 4.60502439e+01
 8.43462619e+00 3.44329268e+01 9.57560976e+00 4.61302439e+01
 8.49574667e+00 3.38429268e+01 1.27156098e+01 4.54702439e+01
 8.55686715e+00 3.05629268e+01 1.35956098e+01 4.52502439e+01
 8.61798763e+00 2.90329268e+01 1.46856098e+01 4.43702439e+01
 8.67910811e+00 2.66929268e+01 1.74656098e+01 4.38602439e+01
 8.74022859e+00 2.26029268e+01 1.84056098e+01 4.32102439e+01
 8.80134907e+00 2.04829268e+01 1.97956098e+01 4.24002439e+01
 8.86246955e+00 1.67629268e+01 2.08956098e+01 4.16702439e+01
 8.92359003e+00 1.41329268e+01 2.24956098e+01 4.10902439e+01
 8.98471051e+00 1.00529268e+01 2.36656098e+01 3.99902439e+01
 9.04583099e+00 7.05292683e+00 2.40356098e+01 4.04302439e+01
 9.10695147e+00 5.01292683e+00 2.53456098e+01 3.86802439e+01
 9.16807195e+00 -2.47073171e-01 2.54956098e+01 3.85302439e+01
 9.22919243e+00 -1.99707317e+00 2.65156098e+01 3.76602439e+01
 9.29031291e+00 -6.81707317e+00 2.62256098e+01 3.70702439e+01
 9.35143339e+00 -9.29707317e+00 2.68756098e+01 3.61202439e+01
 9.41255386e+00 -1.38970732e+01 2.68756098e+01 3.52502439e+01
 9.47367434e+00 -1.65270732e+01 2.68756098e+01 3.53202439e+01
 9.53479482e+00 -1.81270732e+01 2.70956098e+01 3.40102439e+01
 9.59591530e+00 -2.30170732e+01 2.68056098e+01 3.37902439e+01
 9.65703578e+00 -2.46970732e+01 2.63656098e+01 3.32002439e+01
 9.71815626e+00 -2.84970732e+01 2.60056098e+01 3.23302439e+01
 9.77927674e+00 -3.12670732e+01 2.60056098e+01 3.18202439e+01
 9.84039722e+00 -3.44770732e+01 2.57056098e+01 3.18202439e+01
 9.90151770e+00 -3.60170732e+01 2.45456098e+01 3.10902439e+01
 9.96263818e+00 -3.76970732e+01 2.41756098e+01 3.07202439e+01
 1.00237587e+01 -4.11970732e+01 2.41756098e+01 3.01402439e+01
 1.00848791e+01 -4.29470732e+01 2.30056098e+01 2.94102439e+01
 1.01459996e+01 -4.59470732e+01 2.26456098e+01 2.97002439e+01
 1.02071201e+01 -4.67470732e+01 2.14056098e+01 2.95602439e+01
 1.02682406e+01 -4.86470732e+01 2.11156098e+01 2.83902439e+01
 1.03293611e+01 -5.04670732e+01 2.02356098e+01 2.83902439e+01
 1.03904815e+01 -5.25170732e+01 1.92856098e+01 2.86102439e+01
 1.04516020e+01 -5.27270732e+01 1.91356098e+01 2.78002439e+01
 1.05127225e+01 -5.43370732e+01 1.81956098e+01 2.78802439e+01
 1.05738430e+01 -5.55070732e+01 1.68756098e+01 2.74402439e+01
 1.06349635e+01 -5.60170732e+01 1.59256098e+01 2.72902439e+01
 1.06960839e+01 -5.72570732e+01 1.56356098e+01 2.73702439e+01
 1.07572044e+01 -5.74770732e+01 1.43956098e+01 2.69302439e+01
 1.08183249e+01 -5.84970732e+01 1.34456098e+01 2.67802439e+01
 1.08794454e+01 -5.90870732e+01 1.30056098e+01 2.72202439e+01
 1.09405659e+01 -5.87870732e+01 1.16256098e+01 2.68502439e+01
 1.10016863e+01 -5.95970732e+01 1.08156098e+01 2.63402439e+01
 1.10628068e+01 -5.98870732e+01 9.21560976e+00 2.60502439e+01
 1.11239273e+01 -6.00270732e+01 8.99560976e+00 2.65602439e+01
 1.11850478e+01 -5.95970732e+01 7.24560976e+00 2.68502439e+01
 1.12461683e+01 -5.87870732e+01 6.65560976e+00 2.62002439e+01
 1.13072887e+01 -5.96670732e+01 6.14560976e+00 2.64202439e+01
 1.13684092e+01 -5.85670732e+01 4.83560976e+00 2.67102439e+01
 1.14295297e+01 -5.76970732e+01 3.59560976e+00 2.62002439e+01
 1.14906502e+01 -5.79170732e+01 2.27560976e+00 2.64202439e+01
 1.15517707e+01 -5.67470732e+01 2.05560976e+00 2.67102439e+01
 1.16128911e+01 -5.60170732e+01 3.75609756e-01 2.64902439e+01
 1.16740116e+01 -5.49170732e+01 -6.44390244e-01 2.67102439e+01
 1.17351321e+01 -5.37570732e+01 -1.15439024e+00 2.66402439e+01
 1.17962526e+01 -5.36070732e+01 -3.27439024e+00 2.67802439e+01
 1.18573731e+01 -5.17770732e+01 -3.34439024e+00 2.71502439e+01
 1.19184935e+01 -5.04670732e+01 -5.09439024e+00 2.74402439e+01
 1.19796140e+01 -4.86470732e+01 -6.48439024e+00 2.78002439e+01
 1.20407345e+01 -4.70370732e+01 -7.72439024e+00 2.79502439e+01
 1.21018550e+01 -4.49970732e+01 -8.81439024e+00 2.80202439e+01
 1.21629754e+01 -4.38970732e+01 -9.03439024e+00 2.81002439e+01
 1.22240959e+01 -4.26570732e+01 -1.10843902e+01 2.81702439e+01
 1.22852164e+01 -4.03970732e+01 -1.14443902e+01 2.88202439e+01
 1.23463369e+01 -3.88570732e+01 -1.31243902e+01 2.92602439e+01
 1.24074574e+01 -3.57270732e+01 -1.38543902e+01 2.99902439e+01
 1.24685778e+01 -3.36770732e+01 -1.53843902e+01 3.00702439e+01
 1.25296983e+01 -3.10470732e+01 -1.61943902e+01 3.06502439e+01
 1.25908188e+01 -2.91570732e+01 -1.74343902e+01 3.08702439e+01
 1.26519393e+01 -2.71770732e+01 -1.83843902e+01 3.18202439e+01
 1.27130598e+01 -2.30970732e+01 -1.97643902e+01 3.20402439e+01
 1.27741802e+01 -2.13370732e+01 -1.99843902e+01 3.26902439e+01
 1.28353007e+01 -1.82770732e+01 -2.12243902e+01 3.32002439e+01
 1.28964212e+01 -1.59370732e+01 -2.17443902e+01 3.40802439e+01
 1.29575417e+01 -1.15570732e+01 -2.29043902e+01 3.48802439e+01
 1.30186622e+01 -9.44707317e+00 -2.31243902e+01 3.51002439e+01
 1.30797826e+01 -5.93707317e+00 -2.40043902e+01 3.60502439e+01
 1.31409031e+01 -3.16707317e+00 -2.42943902e+01 3.64202439e+01
 1.32020236e+01 -1.41707317e+00 -2.45143902e+01 3.79502439e+01
 1.32631441e+01 3.91292683e+00 -2.52443902e+01 3.78802439e+01
 1.33242646e+01 5.59292683e+00 -2.48043902e+01 3.90402439e+01
 1.33853850e+01 1.01229268e+01 -2.50243902e+01 3.96302439e+01
 1.34465055e+01 1.25329268e+01 -2.41443902e+01 4.05802439e+01
 1.35076260e+01 1.64029268e+01 -2.45843902e+01 4.15302439e+01
 1.35687465e+01 1.88129268e+01 -2.42943902e+01 4.14502439e+01
 1.36298670e+01 2.08529268e+01 -2.25443902e+01 4.26902439e+01
 1.36909874e+01 2.49429268e+01 -2.25443902e+01 4.32802439e+01
 1.37521079e+01 2.72029268e+01 -2.07143902e+01 4.42302439e+01
 1.38132284e+01 3.04129268e+01 -2.04943902e+01 4.46702439e+01
 1.38743489e+01 3.20229268e+01 -1.77943902e+01 4.49602439e+01
 1.39354694e+01 3.40629268e+01 -1.68443902e+01 4.57602439e+01
 1.39965898e+01 3.61829268e+01 -1.61943902e+01 4.59802439e+01
 1.40577103e+01 3.70629268e+01 -1.34943902e+01 4.70002439e+01
 1.41188308e+01 3.91029268e+01 -1.27643902e+01 4.66402439e+01
 1.41799513e+01 4.01229268e+01 -8.74439024e+00 4.70702439e+01
 1.42410718e+01 4.04929268e+01 -7.86439024e+00 4.74402439e+01
 1.43021922e+01 4.12929268e+01 -4.87439024e+00 4.75102439e+01
 1.43633127e+01 4.11429268e+01 -3.56439024e+00 4.76602439e+01
 1.44244332e+01 4.15829268e+01 -2.02439024e+00 4.74402439e+01
 1.44855537e+01 4.06329268e+01 1.83560976e+00 4.72902439e+01
 1.45466742e+01 3.93929268e+01 3.07560976e+00 4.72202439e+01
 1.46077946e+01 3.85929268e+01 6.43560976e+00 4.69302439e+01
 1.46689151e+01 3.69129268e+01 7.31560976e+00 4.64202439e+01
 1.47300356e+01 3.56029268e+01 1.04556098e+01 4.59102439e+01
 1.47911561e+01 3.27529268e+01 1.16256098e+01 4.53202439e+01
 1.48522766e+01 3.07829268e+01 1.35956098e+01 4.52502439e+01
 1.49133970e+01 2.93229268e+01 1.57056098e+01 4.39402439e+01
 1.49745175e+01 2.48629268e+01 1.71656098e+01 4.39402439e+01
 1.50356380e+01 2.34829268e+01 1.92156098e+01 4.29902439e+01
 1.50967585e+01 1.95429268e+01 1.97956098e+01 4.29102439e+01
 1.51578790e+01 1.77829268e+01 2.19856098e+01 4.12302439e+01
 1.52189994e+01 1.23129268e+01 2.24256098e+01 4.09402439e+01
 1.52801199e+01 9.97292683e+00 2.38156098e+01 4.04302439e+01
 1.53412404e+01 7.34292683e+00 2.43956098e+01 3.92602439e+01
 1.54023609e+01 2.45292683e+00 2.52756098e+01 3.89702439e+01
 1.54634813e+01 7.02926829e-01 2.60056098e+01 3.81002439e+01
 1.55246018e+01 -4.25707317e+00 2.58556098e+01 3.75102439e+01
 1.55857223e+01 -6.59707317e+00 2.66556098e+01 3.66402439e+01
 1.56468428e+01 -1.16270732e+01 2.68756098e+01 3.56102439e+01
 1.57079633e+01 -1.44070732e+01 2.70256098e+01 3.57602439e+01
 1.57690837e+01 -1.60070732e+01 2.72456098e+01 3.48102439e+01
 1.58302042e+01 -2.03870732e+01 2.70956098e+01 3.40102439e+01
 1.58913247e+01 -2.26570732e+01 2.63656098e+01 3.32002439e+01
 1.59524452e+01 -2.67470732e+01 2.68756098e+01 3.30602439e+01
 1.60135657e+01 -2.90070732e+01 2.61456098e+01 3.23302439e+01
 1.60746861e+01 -3.30170732e+01 2.51956098e+01 3.21102439e+01
 1.61358066e+01 -3.46970732e+01 2.57056098e+01 3.13802439e+01
 1.61969271e+01 -3.68870732e+01 2.51956098e+01 3.09402439e+01
 1.62580476e+01 -3.99570732e+01 2.41056098e+01 3.06502439e+01
 1.63191681e+01 -4.13470732e+01 2.34456098e+01 2.97002439e+01
 1.63802885e+01 -4.40470732e+01 2.33056098e+01 2.99902439e+01
 1.64414090e+01 -4.50670732e+01 2.22756098e+01 2.91202439e+01
 1.65025295e+01 -4.76170732e+01 2.16256098e+01 2.88202439e+01
 1.65636500e+01 -4.94470732e+01 2.05256098e+01 2.82402439e+01
 1.66247705e+01 -5.17070732e+01 2.00856098e+01 2.85302439e+01
 1.66858909e+01 -5.19270732e+01 1.98656098e+01 2.83102439e+01
 1.67470114e+01 -5.31670732e+01 1.88456098e+01 2.78802439e+01
 1.68081319e+01 -5.51370732e+01 1.76856098e+01 2.75802439e+01
 1.68692524e+01 -5.55770732e+01 1.63656098e+01 2.70702439e+01
 1.69303729e+01 -5.70370732e+01 1.60756098e+01 2.75102439e+01
 1.69914933e+01 -5.71070732e+01 1.48356098e+01 2.72202439e+01
 1.70526138e+01 -5.77670732e+01 1.44656098e+01 2.67102439e+01
 1.71137343e+01 -5.91570732e+01 1.32256098e+01 2.67102439e+01
 1.71748548e+01 -5.91570732e+01 1.16956098e+01 2.63402439e+01
 1.72359753e+01 -5.97370732e+01 1.17656098e+01 2.67102439e+01
 1.72970957e+01 -5.95170732e+01 1.01656098e+01 2.67102439e+01
 1.73582162e+01 -5.90870732e+01 9.35560976e+00 2.62002439e+01
 1.74193367e+01 -6.00270732e+01 8.26560976e+00 2.63402439e+01
 1.74804572e+01 -5.96670732e+01 7.02560976e+00 2.65602439e+01
 1.75415777e+01 -5.90070732e+01 6.87560976e+00 2.62002439e+01
 1.76026981e+01 -5.92970732e+01 5.48560976e+00 2.66402439e+01
 1.76638186e+01 -5.82070732e+01 4.32560976e+00 2.62702439e+01
 1.77249391e+01 -5.79170732e+01 2.86560976e+00 2.64202439e+01
 1.77860596e+01 -5.72570732e+01 2.49560976e+00 2.65602439e+01
 1.78471801e+01 -5.62370732e+01 1.03560976e+00 2.64902439e+01
 1.79083005e+01 -5.52170732e+01 -2.74390244e-01 2.66402439e+01
 1.79694210e+01 -5.44870732e+01 -5.74390244e-01 2.67802439e+01
 1.80305415e+01 -5.37570732e+01 -2.02439024e+00 2.65602439e+01
 1.80916620e+01 -5.24370732e+01 -3.12439024e+00 2.73702439e+01
 1.81527825e+01 -5.09770732e+01 -4.80439024e+00 2.75802439e+01
 1.82139029e+01 -4.88670732e+01 -5.60439024e+00 2.70002439e+01
 1.82750234e+01 -4.84270732e+01 -7.28439024e+00 2.75802439e+01
 1.83361439e+01 -4.60870732e+01 -7.79439024e+00 2.80202439e+01
 1.83972644e+01 -4.46270732e+01 -9.03439024e+00 2.81002439e+01
 1.84583849e+01 -4.32370732e+01 -1.02043902e+01 2.85302439e+01
 1.85195053e+01 -4.08370732e+01 -1.13743902e+01 2.87502439e+01
 1.85806258e+01 -3.98070732e+01 -1.31243902e+01 2.91902439e+01
 1.86417463e+01 -3.60870732e+01 -1.34943902e+01 2.90402439e+01
 1.87028668e+01 -3.54270732e+01 -1.53843902e+01 2.99202439e+01
 1.87639873e+01 -3.16370732e+01 -1.55343902e+01 3.03602439e+01
 1.88251077e+01 -3.00270732e+01 -1.64843902e+01 3.09402439e+01
 1.88862282e+01 -2.79870732e+01 -1.78743902e+01 3.09402439e+01
 1.89473487e+01 -2.47670732e+01 -1.87443902e+01 3.19602439e+01
 1.90084692e+01 -2.24370732e+01 -1.98443902e+01 3.24802439e+01
 1.90695896e+01 -1.90770732e+01 -2.07943902e+01 3.32802439e+01
 1.91307101e+01 -1.68170732e+01 -2.13043902e+01 3.37202439e+01
 1.91918306e+01 -1.36770732e+01 -2.22543902e+01 3.45202439e+01
 1.92529511e+01 -1.09770732e+01 -2.29843902e+01 3.47402439e+01
 1.93140716e+01 -9.00707317e+00 -2.35643902e+01 3.59802439e+01
 1.93751920e+01 -4.40707317e+00 -2.44443902e+01 3.59802439e+01
 1.94363125e+01 -2.72707317e+00 -2.45143902e+01 3.72202439e+01
 1.94974330e+01 2.09292683e+00 -2.49543902e+01 3.78002439e+01
 1.95585535e+01 4.21292683e+00 -2.48043902e+01 3.91202439e+01
 1.96196740e+01 9.10292683e+00 -2.53843902e+01 3.93402439e+01
 1.96807944e+01 1.15129268e+01 -2.50243902e+01 3.97702439e+01
 1.97419149e+01 1.30429268e+01 -2.45143902e+01 4.09402439e+01
 1.98030354e+01 1.76429268e+01 -2.42943902e+01 4.12302439e+01
 1.98641559e+01 1.96129268e+01 -2.34943902e+01 4.27702439e+01
 1.99252764e+01 2.40629268e+01 -2.32743902e+01 4.28402439e+01
 1.99863968e+01 2.55929268e+01 -2.12243902e+01 4.37902439e+01
 2.00475173e+01 2.90329268e+01 -2.07943902e+01 4.43002439e+01
 2.01086378e+01 3.10029268e+01 -1.86043902e+01 4.51002439e+01
 2.01697583e+01 3.34829268e+01 -1.79443902e+01 4.59102439e+01
 2.02308788e+01 3.56029268e+01 -1.72143902e+01 4.56902439e+01
 2.02919992e+01 3.63329268e+01 -1.40043902e+01 4.63402439e+01
 2.03531197e+01 3.81529268e+01 -1.29043902e+01 4.67102439e+01
 2.04142402e+01 3.93229268e+01 -1.00543902e+01 4.70702439e+01
 2.04753607e+01 4.01929268e+01 -8.67439024e+00 4.77302439e+01
 2.05364812e+01 4.12929268e+01 -6.11439024e+00 4.71502439e+01
 2.05976016e+01 4.10029268e+01 -3.92439024e+00 4.72902439e+01
 2.06587221e+01 4.08529268e+01 -2.83439024e+00 4.76602439e+01
 2.07198426e+01 4.10729268e+01 4.55609756e-01 4.71502439e+01
 2.07809631e+01 4.00529268e+01 2.27560976e+00 4.74402439e+01
 2.08420836e+01 3.96129268e+01 4.83560976e+00 4.65602439e+01
 2.09032040e+01 3.70629268e+01 6.58560976e+00 4.67102439e+01
 2.09643245e+01 3.61829268e+01 9.28560976e+00 4.60502439e+01
 2.10254450e+01 3.35529268e+01 1.13256098e+01 4.60502439e+01
 2.10865655e+01 3.22429268e+01 1.17656098e+01 4.56902439e+01
 2.11476860e+01 3.12229268e+01 1.52756098e+01 4.45902439e+01
 2.12088064e+01 2.66929268e+01 1.60756098e+01 4.43702439e+01
 2.12699269e+01 2.51629268e+01 1.83356098e+01 4.35002439e+01
 2.13310474e+01 2.10029268e+01 1.89956098e+01 4.32102439e+01
 2.13921679e+01 1.94629268e+01 2.12556098e+01 4.18202439e+01
 2.14532884e+01 1.41329268e+01 2.20656098e+01 4.15302439e+01
 2.15144088e+01 1.22429268e+01 2.27156098e+01 4.08002439e+01
 2.15755293e+01 9.46292683e+00 2.37356098e+01 3.99902439e+01
 2.16366498e+01 5.16292683e+00 2.46856098e+01 3.92602439e+01
 2.16977703e+01 2.53292683e+00 2.55656098e+01 3.83102439e+01
 2.17588908e+01 -2.57707317e+00 2.61456098e+01 3.82402439e+01
 2.18200112e+01 -4.69707317e+00 2.68056098e+01 3.66402439e+01
 2.18811317e+01 -9.73707317e+00 2.66556098e+01 3.66402439e+01
 2.19422522e+01 -1.14870732e+01 2.68056098e+01 3.58302439e+01
 2.20033727e+01 -1.43370732e+01 2.66556098e+01 3.50302439e+01
 2.20644932e+01 -1.86370732e+01 2.72456098e+01 3.44502439e+01
 2.21256136e+01 -2.05370732e+01 2.71756098e+01 3.37902439e+01
 2.21867341e+01 -2.49170732e+01 2.63656098e+01 3.37202439e+01
 2.22478546e+01 -2.63770732e+01 2.63656098e+01 3.28402439e+01
 2.23089751e+01 -3.09070732e+01 2.59256098e+01 3.21102439e+01
 2.23700955e+01 -3.32370732e+01 2.60056098e+01 3.21802439e+01
 2.24312160e+01 -3.44770732e+01 2.54956098e+01 3.13102439e+01
 2.24923365e+01 -3.80570732e+01 2.47656098e+01 3.08702439e+01
 2.25534570e+01 -3.98070732e+01 2.36656098e+01 3.00702439e+01
 2.26145775e+01 -4.29470732e+01 2.37356098e+01 3.00702439e+01
 2.26756979e+01 -4.41170732e+01 2.27156098e+01 2.99202439e+01
 2.27368184e+01 -4.67470732e+01 2.18456098e+01 2.89002439e+01
 2.27979389e+01 -4.85670732e+01 2.15456098e+01 2.91902439e+01
 2.28590594e+01 -4.92270732e+01 2.06056098e+01 2.88202439e+01
 2.29201799e+01 -5.10470732e+01 2.00856098e+01 2.80202439e+01
 2.29813003e+01 -5.28070732e+01 1.92856098e+01 2.81002439e+01
 2.30424208e+01 -5.39770732e+01 1.79756098e+01 2.76602439e+01
 2.31035413e+01 -5.49170732e+01 1.71656098e+01 2.73702439e+01
 2.31646618e+01 -5.63770732e+01 1.66556098e+01 2.79502439e+01
 2.32257823e+01 -5.61570732e+01 1.53456098e+01 2.73702439e+01
 2.32869027e+01 -5.77670732e+01 1.49756098e+01 2.68502439e+01
 2.33480232e+01 -5.82070732e+01 1.37356098e+01 2.72902439e+01
 2.34091437e+01 -5.83570732e+01 1.25656098e+01 2.66402439e+01
 2.34702642e+01 -5.91570732e+01 1.24956098e+01 2.69302439e+01
 2.35313847e+01 -5.91570732e+01 1.08956098e+01 2.67102439e+01
 2.35925051e+01 -5.96670732e+01 1.00156098e+01 2.62702439e+01
 2.36536256e+01 -5.98870732e+01 8.77560976e+00 2.62002439e+01
 2.37147461e+01 -6.01070732e+01 8.11560976e+00 2.65602439e+01
 2.37758666e+01 -5.94470732e+01 7.45560976e+00 2.64202439e+01
 2.38369871e+01 -5.95170732e+01 5.92560976e+00 2.61202439e+01
 2.38981075e+01 -5.91570732e+01 5.12560976e+00 2.63402439e+01
 2.39592280e+01 -5.81370732e+01 3.44560976e+00 2.66402439e+01
 2.40203485e+01 -5.71870732e+01 3.29560976e+00 2.61202439e+01
 2.40814690e+01 -5.74070732e+01 1.76560976e+00 2.63402439e+01
 2.41425895e+01 -5.60170732e+01 4.55609756e-01 2.67802439e+01
 2.42037099e+01 -5.49970732e+01 8.56097561e-02 2.62702439e+01
 2.42648304e+01 -5.48470732e+01 -1.51439024e+00 2.69302439e+01
 2.43259509e+01 -5.30970732e+01 -2.17439024e+00 2.72202439e+01
 2.43870714e+01 -5.16370732e+01 -3.63439024e+00 2.71502439e+01
 2.44481919e+01 -5.02470732e+01 -4.94439024e+00 2.70702439e+01
 2.45093123e+01 -4.92270732e+01 -6.48439024e+00 2.76602439e+01
 2.45704328e+01 -4.67470732e+01 -7.14439024e+00 2.74402439e+01
 2.46315533e+01 -4.63770732e+01 -7.79439024e+00 2.80202439e+01
 2.46926738e+01 -4.44070732e+01 -9.25439024e+00 2.83902439e+01
 2.47537943e+01 -4.20770732e+01 -1.09343902e+01 2.85302439e+01
 2.48149147e+01 -4.06870732e+01 -1.18143902e+01 2.91202439e+01
 2.48760352e+01 -3.79870732e+01 -1.26843902e+01 2.88202439e+01
 2.49371557e+01 -3.68870732e+01 -1.46543902e+01 2.99202439e+01
 2.49982762e+01 -3.30170732e+01 -1.51743902e+01 2.95602439e+01
 2.50593967e+01 -3.19970732e+01 -1.54643902e+01 3.02102439e+01
 2.51205171e+01 -2.99570732e+01 -1.71443902e+01 3.08702439e+01
 2.51816376e+01 -2.67470732e+01 -1.77943902e+01 3.15302439e+01
 2.52427581e+01 -2.42570732e+01 -1.91143902e+01 3.18202439e+01
 2.53038786e+01 -2.14170732e+01 -1.97643902e+01 3.24802439e+01
 2.53649991e+01 -1.90070732e+01 -2.11543902e+01 3.32802439e+01
 2.54261195e+01 -1.53570732e+01 -2.15943902e+01 3.40102439e+01
 2.54872400e+01 -1.28770732e+01 -2.27643902e+01 3.42302439e+01
 2.55483605e+01 -1.09770732e+01 -2.30543902e+01 3.52502439e+01
 2.56094810e+01 -6.59707317e+00 -2.37143902e+01 3.54002439e+01
 2.56706014e+01 -4.84707317e+00 -2.41443902e+01 3.70702439e+01
 2.57317219e+01 4.82926829e-01 -2.48043902e+01 3.71502439e+01
 2.57928424e+01 2.45292683e+00 -2.43643902e+01 3.82402439e+01
 2.58539629e+01 6.54292683e+00 -2.50943902e+01 3.85302439e+01
 2.59150834e+01 8.66292683e+00 -2.46643902e+01 3.90402439e+01
 2.59762038e+01 1.05629268e+01 -2.49543902e+01 4.05002439e+01
 2.60373243e+01 1.56729268e+01 -2.45143902e+01 4.04302439e+01
 2.60984448e+01 1.70529268e+01 -2.37843902e+01 4.20402439e+01
 2.61595653e+01 2.20929268e+01 -2.33443902e+01 4.23302439e+01
 2.62206858e+01 2.38429268e+01 -2.20343902e+01 4.35002439e+01
 2.62818062e+01 2.79329268e+01 -2.18143902e+01 4.37202439e+01
 2.63429267e+01 2.86629268e+01 -2.02743902e+01 4.39402439e+01
 2.64040472e+01 3.05629268e+01 -1.88143902e+01 4.50302439e+01
 2.64651677e+01 3.38429268e+01 -1.77943902e+01 4.51002439e+01
 2.65262882e+01 3.49429268e+01 -1.57543902e+01 4.64202439e+01
 2.65874086e+01 3.78629268e+01 -1.45143902e+01 4.59802439e+01
 2.66485291e+01 3.82229268e+01 -1.15943902e+01 4.70002439e+01
 2.67096496e+01 4.00529268e+01 -1.02043902e+01 4.68602439e+01
 2.67707701e+01 4.05629268e+01 -8.38439024e+00 4.73702439e+01
 2.68318906e+01 4.10029268e+01 -6.19439024e+00 4.73702439e+01
 2.68930110e+01 4.13629268e+01 -4.07439024e+00 4.70702439e+01
 2.69541315e+01 4.05629268e+01 -1.08439024e+00 4.72902439e+01
 2.70152520e+01 4.07829268e+01 6.75609756e-01 4.72202439e+01
 2.70763725e+01 3.96129268e+01 3.44560976e+00 4.73702439e+01
 2.71374930e+01 3.89529268e+01 5.12560976e+00 4.63402439e+01
 2.71986134e+01 3.70629268e+01 8.18560976e+00 4.65602439e+01
 2.72597339e+01 3.50129268e+01 9.79560976e+00 4.57602439e+01
 2.73208544e+01 3.32629268e+01 1.15456098e+01 4.59802439e+01
 2.73819749e+01 3.19529268e+01 1.36656098e+01 4.46702439e+01
 2.74430954e+01 2.82229268e+01 1.52756098e+01 4.45902439e+01
 2.75042158e+01 2.67629268e+01 1.74656098e+01 4.35702439e+01
 2.75653363e+01 2.27529268e+01 1.85556098e+01 4.33502439e+01
 2.76264568e+01 2.11429268e+01 2.03856098e+01 4.21802439e+01
 2.76875773e+01 1.59629268e+01 2.12556098e+01 4.17502439e+01
 2.77486978e+01 1.41329268e+01 2.19856098e+01 4.12302439e+01
 2.78098182e+01 1.14329268e+01 2.34456098e+01 4.05802439e+01
 2.78709387e+01 7.34292683e+00 2.41756098e+01 3.96302439e+01
 2.79320592e+01 4.43292683e+00 2.51256098e+01 3.86802439e+01
 2.79931797e+01 -3.87073171e-01 2.60056098e+01 3.82402439e+01
 2.80543002e+01 -3.16707317e+00 2.61456098e+01 3.69302439e+01
 2.81154206e+01 -8.12707317e+00 2.69556098e+01 3.67802439e+01
 2.81765411e+01 -1.00270732e+01 2.65156098e+01 3.62002439e+01
 2.82376616e+01 -1.24370732e+01 2.65856098e+01 3.54702439e+01
 2.82987821e+01 -1.63770732e+01 2.71756098e+01 3.48102439e+01
 2.83599026e+01 -1.93670732e+01 2.68756098e+01 3.37902439e+01
 2.84210230e+01 -2.36770732e+01 2.69556098e+01 3.40102439e+01
 2.84821435e+01 -2.52070732e+01 2.66556098e+01 3.29902439e+01
 2.85432640e+01 -2.95870732e+01 2.62256098e+01 3.22602439e+01
 2.86043845e+01 -3.17770732e+01 2.60056098e+01 3.24002439e+01
 2.86655050e+01 -3.29470732e+01 2.54956098e+01 3.15302439e+01
 2.87266254e+01 -3.65970732e+01 2.46156098e+01 3.10902439e+01
 2.87877459e+01 -3.83470732e+01 2.36656098e+01 3.05002439e+01
 2.88488664e+01 -4.14870732e+01 2.41756098e+01 2.99902439e+01
 2.89099869e+01 -4.32370732e+01 2.30056098e+01 2.99902439e+01
 2.89711074e+01 -4.59470732e+01 2.21356098e+01 2.93402439e+01
 2.90322278e+01 -4.72570732e+01 2.20656098e+01 2.92602439e+01
 2.90933483e+01 -4.84270732e+01 2.10356098e+01 2.89702439e+01
 2.91544688e+01 -5.00270732e+01 2.05256098e+01 2.82402439e+01
 2.92155893e+01 -5.19270732e+01 1.94356098e+01 2.81002439e+01
 2.92767097e+01 -5.38270732e+01 1.85556098e+01 2.81702439e+01
 2.93378302e+01 -5.38970732e+01 1.73156098e+01 2.79502439e+01
 2.93989507e+01 -5.55070732e+01 1.71656098e+01 2.77302439e+01
 2.94600712e+01 -5.63770732e+01 1.61456098e+01 2.73702439e+01
 2.95211917e+01 -5.69670732e+01 1.53456098e+01 2.70002439e+01
 2.95823121e+01 -5.84270732e+01 1.43956098e+01 2.70702439e+01
 2.96434326e+01 -5.79170732e+01 1.33756098e+01 2.70002439e+01
 2.97045531e+01 -5.90070732e+01 1.30056098e+01 2.66402439e+01
 2.97656736e+01 -5.95970732e+01 1.14756098e+01 2.65602439e+01
 2.98267941e+01 -5.98870732e+01 1.03756098e+01 2.67102439e+01
 2.98879145e+01 -5.98170732e+01 9.06560976e+00 2.71502439e+01
 2.99490350e+01 -5.94470732e+01 8.70560976e+00 2.66402439e+01
 3.00101555e+01 -5.94470732e+01 7.97560976e+00 2.64202439e+01
 3.00712760e+01 -5.98170732e+01 6.43560976e+00 2.59802439e+01
 3.01323965e+01 -5.93770732e+01 5.56560976e+00 2.64902439e+01
 3.01935169e+01 -5.84270732e+01 4.02560976e+00 2.67802439e+01
 3.02546374e+01 -5.73270732e+01 3.44560976e+00 2.62002439e+01
 3.03157579e+01 -5.78370732e+01 2.13560976e+00 2.64202439e+01
 3.03768784e+01 -5.65970732e+01 1.32560976e+00 2.69302439e+01
 3.04379989e+01 -5.52870732e+01 7.45609756e-01 2.62702439e+01
 3.04991193e+01 -5.54370732e+01 -1.00439024e+00 2.67802439e+01
 3.05602398e+01 -5.40470732e+01 -1.66439024e+00 2.72202439e+01
 3.06213603e+01 -5.24370732e+01 -3.05439024e+00 2.72202439e+01
 3.06824808e+01 -5.11970732e+01 -4.36439024e+00 2.72202439e+01
 3.07436013e+01 -5.02470732e+01 -6.04439024e+00 2.75802439e+01
 3.08047217e+01 -4.79170732e+01 -6.33439024e+00 2.74402439e+01
 3.08658422e+01 -4.71070732e+01 -7.28439024e+00 2.77302439e+01
 3.09269627e+01 -4.55770732e+01 -8.96439024e+00 2.83902439e+01
 3.09880832e+01 -4.28070732e+01 -9.98439024e+00 2.80202439e+01
 3.10492037e+01 -4.19970732e+01 -1.15943902e+01 2.88202439e+01
 3.11103241e+01 -3.90770732e+01 -1.21743902e+01 2.89002439e+01
 3.11714446e+01 -3.78370732e+01 -1.41443902e+01 2.93402439e+01
 3.12325651e+01 -3.46970732e+01 -1.42243902e+01 2.96302439e+01
 3.12936856e+01 -3.31670732e+01 -1.53843902e+01 3.02802439e+01
 3.13548061e+01 -3.08270732e+01 -1.66243902e+01 3.10202439e+01
 3.14159265e+01 -2.76170732e+01 -1.79443902e+01 3.11602439e+01
