-16.28	9.20	-1.39
-15.55	8.91	-1.46
-14.67	8.39	-1.39
-13.94	8.39	-1.39
-13.94	7.74	-1.02
-12.34	7.67	-0.66
-10.88	7.52	-0.44
-9.64	7.45	-0.29
-8.91	6.79	-0.22
-7.96	6.79	-0.22
-7.96	6.21	-0.15
-7.15	5.62	0.44
-5.40	5.33	1.10
-3.87	5.48	1.68
-2.26	5.40	1.68
-1.24	5.40	1.68
-1.24	5.18	1.90
-0.07	4.89	2.12
0.88	4.67	2.34
1.90	3.94	2.63
3.58	3.43	3.21
5.18	3.43	3.21
5.18	3.28	3.87
6.72	3.07	4.09
8.03	2.99	4.53
9.05	2.99	4.89
10.66	2.85	5.33
11.90	2.85	5.33
11.90	2.77	5.55
13.36	2.56	5.77
14.45	2.19	6.35
15.91	2.26	6.94
17.30	2.04	7.45
18.91	2.04	7.45
18.91	1.68	8.18
20.73	2.12	8.91
22.26	1.90	9.42
23.58	2.12	10.07
25.26	2.34	10.88
26.79	2.34	10.88
26.79	2.63	11.46
28.18	2.85	11.97
29.93	3.21	12.48
31.24	3.72	13.07
32.78	4.23	13.94
34.02	4.23	13.94
34.02	4.60	14.23
35.62	5.48	14.82
36.86	5.99	15.18
38.25	6.79	15.69
39.27	7.45	16.21
40.37	7.45	16.21
40.37	8.25	16.86
41.32	9.13	17.30
42.70	9.78	17.67
43.51	11.02	18.32
44.31	12.05	18.69
45.33	12.05	18.69
45.33	12.85	19.27
46.14	13.94	19.49
46.79	15.04	19.86
47.38	16.72	20.66
48.40	18.18	21.17
48.69	18.18	21.17
48.69	19.71	21.53
49.13	21.10	21.75
49.42	22.56	22.12
49.06	23.94	22.05
48.84	25.77	22.34
48.11	25.77	22.34
48.11	27.16	22.34
47.81	28.40	22.63
47.30	29.86	22.92
46.87	31.46	23.21
46.50	33.22	23.65
45.70	33.22	23.65
45.70	35.40	23.80
44.97	37.01	23.72
43.80	38.76	23.51
42.05	40.37	23.29
40.37	41.97	23.14
38.25	41.97	23.14
38.25	43.07	23.29
36.57	44.68	22.92
35.26	46.21	22.99
33.36	47.81	22.63
31.02	49.06	21.97
28.32	50.15	21.83
25.99	50.15	21.83
25.99	50.88	21.61
24.02	52.12	21.90
21.90	53.29	21.61
19.64	54.75	20.95
16.42	55.33	20.44
13.65	55.33	20.44
13.65	55.77	20.00
10.95	56.50	19.86
8.25	57.23	19.20
5.69	57.82	18.40
2.77	57.52	18.03
0.15	57.52	18.03
0.15	58.04	17.96
-2.26	58.40	17.81
-4.75	59.06	16.86
-7.59	58.84	16.28
-10.15	58.47	15.91
-12.63	58.47	15.91
-12.63	58.62	15.48
-15.11	58.55	14.75
-17.88	58.11	14.16
-20.44	57.09	14.09
-22.34	57.23	13.80
-23.94	57.23	13.80
-23.94	57.23	12.92
-26.72	56.36	12.26
-28.98	55.48	12.05
-30.66	55.11	11.46
-32.49	54.60	10.66
-34.97	54.60	10.66
-34.97	53.29	10.51
-36.28	52.71	10.29
-37.45	52.63	9.64
-39.35	51.32	9.05
-41.10	50.66	8.83
-41.97	50.66	8.83
-41.97	49.93	8.18
-43.43	48.62	7.67
-44.97	47.60	7.74
-45.26	47.45	6.86
-46.43	46.14	6.28
-47.52	46.14	6.28
-47.52	45.33	6.21
-48.11	44.17	5.40
-49.35	43.00	5.40
-49.27	42.70	5.11
-49.86	41.54	4.60
-50.66	41.54	4.60
-50.66	40.59	4.53
-50.95	39.71	3.72
-51.61	38.62	3.80
-51.83	38.25	3.72
-51.39	37.30	2.77
-52.20	37.30	2.77
-52.20	36.43	2.85
-51.83	35.62	1.97
-52.49	34.31	2.04
-51.90	33.95	2.04
-51.68	33.07	1.24
-51.98	33.07	1.24
-51.98	32.27	1.24
-51.39	31.39	0.73
-51.83	30.00	0.73
-50.95	30.08	0.73
-50.59	29.05	0.00
-50.88	29.05	0.00
-50.88	28.40	0.22
-49.79	27.81	-0.51
-50.37	26.50	-0.51
-49.13	26.50	-0.07
-48.54	25.84	-0.80
-48.40	25.84	-0.80
-48.40	25.04	-0.88
-47.45	24.75	-1.46
-46.87	23.72	-1.61
-46.57	23.14	-1.10
-45.33	23.21	-1.61
-45.11	23.21	-1.61
-45.11	22.41	-2.04
-44.68	21.68	-1.82
-43.51	21.46	-2.41
-43.22	20.44	-2.48
-42.78	19.78	-2.19
-41.32	19.78	-2.19
-41.32	19.78	-1.82
-40.66	19.42	-2.70
-39.79	18.54	-2.70
-39.27	18.10	-2.56
-37.89	18.18	-2.99
-37.67	17.52	-3.07
-37.08	17.52	-3.07
-37.08	16.35	-2.92
-36.06	16.28	-2.63
-34.68	16.13	-2.70
-33.80	15.77	-3.07
-33.36	15.11	-3.14
-32.49	15.11	-3.14
-32.49	14.67	-2.85
-31.10	14.67	-2.92
-30.44	14.23	-3.07
-29.93	13.43	-3.07
-28.98	12.85	-2.56
-27.67	12.85	-2.56
-27.67	12.63	-2.41
-26.06	12.99	-2.48
-25.55	12.56	-2.63
-24.89	11.97	-2.56
-24.24	11.24	-2.48
-22.78	11.24	-2.48
-22.78	11.10	-2.19
-21.53	10.88	-2.12
-20.66	10.59	-2.48
-19.86	10.07	-2.19
-19.13	9.13	-2.19
-17.74	9.13	-2.19
-17.74	8.69	-1.24
-16.13	8.83	-1.02
-14.89	8.76	-0.95
-13.80	8.69	-0.95
-13.14	8.10	-1.02
-11.97	8.10	-1.02
-11.97	7.59	-0.88
-11.17	7.08	-0.37
-9.78	6.94	-0.07
-8.32	6.72	-0.07
-7.30	6.57	0.22
-6.06	6.57	0.22
-6.06	5.99	0.37
-5.26	5.55	0.66
-4.23	4.96	0.88
-2.48	4.60	1.39
-1.10	4.31	1.97
0.37	4.31	1.97
0.37	4.31	2.48
1.90	4.23	2.92
2.99	4.23	3.14
4.23	3.80	3.50
5.33	3.50	3.50
6.57	3.50	3.50
6.57	3.36	4.09
7.96	3.07	4.38
9.20	2.70	4.75
10.80	2.56	5.40
12.48	2.41	5.91
13.80	2.41	5.91
13.80	2.48	6.35
15.18	2.56	6.79
16.72	2.41	7.15
17.81	2.48	7.45
19.27	2.48	8.03
20.29	2.48	8.03
20.29	2.04	8.61
21.46	2.12	9.34
23.43	2.12	9.85
24.89	2.41	10.44
26.64	2.48	11.31
28.18	2.48	11.31
28.18	2.63	11.68
29.86	2.92	12.41
31.46	3.50	13.07
32.78	4.16	13.87
34.46	4.75	14.23
35.84	4.75	14.23
35.84	5.33	14.75
37.01	5.91	15.55
38.33	6.72	16.06
39.71	7.59	16.35
40.88	8.32	17.08
41.76	8.32	17.08
41.76	9.42	17.59
42.70	10.22	17.88
43.73	11.39	18.10
44.68	12.12	18.69
45.48	12.99	19.27
45.84	12.99	19.27
45.84	14.02	19.64
46.94	15.33	20.22
47.74	17.15	20.73
48.40	18.47	21.24
48.76	19.86	21.39
48.91	19.86	21.39
48.91	21.17	21.61
49.06	22.99	21.61
48.69	24.09	22.05
48.40	25.70	22.41
48.18	27.08	22.78
48.03	27.08	22.78
48.03	28.69	23.21
47.89	30.00	23.29
47.60	32.34	23.65
46.43	34.16	23.72
45.63	35.92	23.58
44.31	35.92	23.58
44.31	37.30	23.43
43.00	38.69	23.21
41.39	40.08	23.51
39.86	41.54	23.36
38.69	43.36	23.07
37.08	43.36	23.07
37.08	45.19	22.99
34.89	46.65	22.70
32.34	47.67	22.34
30.29	48.40	22.19
28.54	49.79	22.48
26.86	51.68	22.34
24.31	51.68	22.34
24.31	53.00	21.53
21.46	53.51	20.88
18.76	54.38	20.73
16.35	55.04	20.44
13.94	56.28	20.00
10.80	56.28	20.00
10.80	56.72	19.27
7.81	56.79	19.13
5.77	57.16	18.98
3.50	58.11	18.61
0.73	58.62	17.96
-2.34	58.62	17.96
-2.34	58.25	17.30
-4.96	58.55	17.08
-7.45	58.91	16.64
-10.22	58.69	15.84
-12.85	58.25	15.33
-15.26	58.25	15.33
-15.26	57.74	15.48
-17.15	58.25	14.75
-19.56	57.60	13.80
-22.56	57.01	13.51
-24.60	56.79	13.07
-26.64	56.79	13.07
-26.64	56.58	12.41
-29.05	55.70	11.53
-30.88	54.68	11.75
-32.34	54.68	11.31
-33.95	53.95	10.37
-36.35	53.95	10.37
-36.35	52.85	10.07
-37.81	52.12	9.71
-38.98	51.47	8.76
-41.17	50.22	8.61
-42.34	49.49	8.76
-42.92	49.49	8.76
-42.92	49.27	7.96
-44.46	47.81	7.23
-45.63	47.23	7.08
-46.50	46.36	6.28
-47.89	44.90	6.21
-48.18	44.90	6.21
-48.18	44.53	5.99
-48.62	43.80	5.11
-49.93	42.41	5.11
-50.08	41.83	4.53
-51.03	40.52	4.23
-51.32	40.52	4.23
-51.32	40.08	4.38
-51.03	39.20	3.50
-51.83	37.74	3.50
-51.61	37.45	2.85
-52.34	35.84	2.48
-52.27	35.84	2.48
-52.27	35.40	2.70
-51.68	34.60	1.75
-52.49	33.65	1.82
-51.83	33.07	1.61
-52.20	31.90	1.02
-51.90	31.90	1.02
-51.90	31.17	1.46
-50.95	30.51	0.58
-51.32	29.56	0.44
-50.66	29.35	0.15
-50.59	28.32	-0.51
-50.81	28.32	-0.51
-50.81	27.45	0.22
-49.20	27.16	-0.51
-49.06	26.21	-0.66
-48.91	25.84	-0.73
-47.96	25.48	-1.24
-48.11	25.48	-1.24
-48.11	24.02	-1.24
-47.23	23.80	-0.88
-45.92	23.58	-1.46
-45.63	22.63	-1.82
-44.82	22.41	-1.75
-44.31	21.75	-2.04
-44.09	21.75	-2.04
-44.09	20.73	-2.26
-43.14	20.15	-1.82
-41.97	20.29	-1.90
-41.03	19.64	-2.56
-41.03	19.13	-2.41
-39.79	19.13	-2.41
-39.79	18.69	-2.41
-39.06	18.47	-2.77
-38.62	17.74	-2.92
-37.89	16.86	-2.56
-36.50	16.86	-2.34
-35.33	16.86	-2.34
-35.33	16.72	-2.85
-34.89	15.99	-3.07
-33.95	15.26	-2.77
-32.78	15.18	-2.92
-32.05	15.04	-2.77
-31.46	15.04	-2.77
-31.46	14.23	-3.28
-30.88	13.51	-2.85
-29.42	13.29	-2.48
-27.81	13.29	-2.56
-26.86	13.07	-2.56
-26.21	13.07	-2.56
-26.21	12.34	-2.70
-25.55	12.12	-2.56
-24.53	11.53	-2.41
-23.72	11.39	-2.26
-22.26	11.24	-2.19
-21.53	11.24	-2.19
-21.53	10.95	-2.34
-20.73	10.44	-2.26
-19.93	9.78	-2.12
-18.98	9.34	-1.90
-17.52	8.83	-1.24
-15.99	8.83	-1.24
-15.99	8.69	-0.95
-14.67	8.76	-0.88
-13.80	8.54	-0.80
-12.77	8.25	-1.10
-11.90	7.52	-0.88
-11.02	7.52	-0.88
-11.02	7.15	-0.58
-9.56	6.64	-0.15
-7.96	6.50	0.15
-6.94	6.21	0.22
-5.77	6.06	0.51
-4.75	6.06	0.51
-4.75	5.69	0.51
-3.65	5.18	0.95
-2.48	4.67	1.46
-1.31	4.23	1.90
0.07	3.87	2.34
1.68	3.87	2.34
1.68	3.65	2.85
3.43	3.80	3.21
4.60	3.72	3.80
6.06	3.58	3.72
7.15	3.58	4.16
8.47	3.58	4.16
8.47	3.28	4.60
9.64	2.70	5.04
11.02	2.56	5.33
12.48	2.56	5.77
13.87	2.26	6.42
15.40	2.26	6.42
15.40	2.19	6.86
16.94	2.04	7.59
18.47	2.41	7.96
20.00	2.48	8.54
21.17	2.41	9.13
22.63	2.41	9.13
22.63	2.63	9.71
24.09	2.85	10.15
25.18	3.21	10.59
27.01	3.14	11.17
28.25	3.43	11.39
29.56	3.43	11.39
29.56	3.58	12.12
31.10	4.09	12.56
32.41	4.67	13.29
33.95	4.96	13.80
35.11	5.40	14.31
36.79	5.40	14.31
36.79	5.91	14.97
37.74	6.57	15.26
39.27	7.30	15.91
40.30	7.88	16.57
41.61	8.69	17.23
42.92	8.69	17.23
42.92	9.78	17.96
44.02	10.66	18.54
44.97	11.75	19.13
46.06	12.99	19.86
47.16	14.31	20.29
47.89	14.31	20.29
47.89	15.77	20.88
48.33	17.30	21.24
48.76	18.69	21.46
49.13	20.37	21.75
48.98	21.97	21.68
48.91	21.97	21.68
48.91	23.36	22.05
48.76	24.67	22.34
48.33	26.21	22.63
48.11	27.74	22.99
48.03	29.42	22.99
47.67	30.95	23.36
46.79	30.95	23.36
46.79	33.07	23.29
45.84	34.82	23.07
44.53	36.43	23.07
42.85	37.81	23.29
41.90	38.98	23.43
40.81	38.98	23.43
40.81	40.30	23.43
40.00	42.34	23.58
38.62	44.31	23.29
36.28	45.92	22.99
33.87	46.79	22.48
31.83	46.79	22.48
31.83	48.18	22.41
29.78	49.57	22.41
27.74	51.03	21.90
25.04	52.12	21.53
22.63	52.71	21.02
20.22	52.71	21.02
20.22	53.36	20.88
17.74	54.53	21.17
15.26	55.77	20.59
12.26	56.65	19.78
9.34	56.58	19.34
7.15	56.58	19.34
7.15	57.23	19.05
4.82	57.74	18.47
1.82	58.33	17.88
-1.46	58.25	17.37
-3.87	57.89	17.15
-5.77	57.89	17.15
-5.77	58.62	17.30
-8.25	58.84	16.50
-11.39	58.47	15.40
-14.02	58.33	15.18
-16.42	58.18	14.89
-18.32	58.18	14.89
-18.32	58.04	14.16
-21.10	57.31	13.43
-23.94	56.65	13.21
-25.77	56.21	13.07
-27.16	56.28	12.56
-29.13	56.28	12.56
-29.13	55.55	11.61
-31.61	54.60	11.17
-33.73	54.24	10.95
-35.19	53.80	10.07
-37.23	52.41	9.42
-38.69	51.47	9.56
-39.71	51.47	9.56
-39.71	51.17	8.83
-41.61	50.01	8.32
-43.29	49.13	7.81
-43.95	48.69	7.52
-44.90	47.16	6.72
-46.57	47.16	6.72
-46.57	45.99	6.72
-46.87	45.77	6.42
-47.89	44.75	5.69
-49.13	43.65	5.48
-49.13	43.29	5.11
-50.01	43.29	5.11
-50.01	41.90	4.45
-50.88	40.59	4.60
-50.52	40.37	4.16
-51.32	39.13	3.65
-51.76	38.47	3.36
-51.61	38.47	3.36
-51.61	37.81	2.85
-52.49	36.21	2.63
-52.12	35.92	2.92
-51.54	35.04	2.04
-52.27	33.95	1.90
-51.98	33.95	1.90
-51.98	33.36	1.75
-51.90	32.27	1.02
-52.12	31.54	1.39
-51.17	31.32	0.88
-51.10	30.08	0.22
-51.03	30.08	0.22
-51.03	29.27	0.29
-50.15	28.76	-0.22
-50.74	27.45	-0.22
-49.93	27.23	0.07
-48.62	26.57	-0.66
-49.06	26.57	-0.66
-49.06	25.33	-0.88
-48.25	25.26	-0.95
-47.74	24.67	-1.53
-47.45	23.65	-1.17
-46.28	23.43	-1.10
-45.33	23.43	-1.10
-45.33	22.85	-1.61
-45.19	22.19	-1.75
-44.53	22.12	-1.75
-43.58	21.46	-2.26
-43.51	20.59	-2.19
-42.56	20.59	-2.19
-42.56	20.00	-1.68
-40.95	20.00	-2.19
-40.59	19.42	-2.63
-40.22	18.54	-2.26
-39.20	18.32	-2.26
-38.62	18.32	-2.26
-38.62	18.10	-2.77
-37.96	17.08	-2.99
-37.30	16.57	-2.63
-35.99	16.35	-2.48
-34.75	16.42	-2.56
-34.02	16.42	-2.56
-34.02	15.84	-2.99
-33.51	15.18	-2.92
-32.56	14.67	-2.77
-31.61	14.60	-3.07
-30.81	14.09	-3.36
-30.15	14.09	-3.36
-30.15	13.43	-2.92
-28.76	12.77	-2.63
-27.45	13.07	-2.48
-26.43	12.99	-2.41
-25.77	12.48	-2.70
-25.04	12.48	-2.70
-25.04	11.53	-2.70
-23.94	11.17	-2.34
-22.70	11.10	-2.19
-21.75	11.10	-2.26
-21.17	10.73	-2.41
-20.15	10.22	-2.34
-19.20	10.22	-2.34
-19.20	9.27	-1.90
-17.81	9.20	-1.46
-16.28	9.20	-1.17
-15.04	8.91	-1.17
-14.02	8.61	-1.31
-13.51	8.61	-1.31
-13.51	8.18	-1.10
-12.70	7.52	-0.88
-11.61	7.01	-0.58
-10.07	6.94	-0.15
-8.61	6.94	-0.07
-7.52	6.94	-0.07
-7.52	6.57	0.07
-6.50	6.21	0.22
-5.99	5.55	0.51
-4.45	4.96	1.02
-2.77	4.96	1.02
-2.77	4.67	1.53
-1.24	4.38	2.04
0.22	4.60	2.48
1.46	4.31	2.70
2.92	4.45	2.92
3.72	4.45	2.92
3.72	4.16	3.28
5.33	3.72	3.58
6.06	3.28	3.94
7.59	2.99	4.45
9.13	2.63	4.82
10.80	2.63	4.82
10.80	2.56	5.26
12.19	2.56	5.91
13.43	2.56	6.28
14.89	2.70	6.72
16.35	2.70	7.01
17.74	2.70	7.01
17.74	2.56	7.52
19.20	2.34	7.88
20.22	2.34	8.61
21.46	2.19	8.91
22.92	2.12	9.64
24.31	2.12	10.37
26.72	2.12	10.37
26.72	2.34	11.24
28.40	2.99	11.90
30.08	3.07	12.70
31.61	3.65	13.21
32.92	3.80	13.87
34.38	3.80	13.87
34.38	4.16	14.02
35.48	4.89	14.82
36.79	5.48	15.33
38.54	6.50	16.06
39.64	7.23	16.50
40.52	7.23	16.50
40.52	7.88	17.08
41.97	8.76	17.67
42.85	9.93	18.10
44.24	10.95	18.76
44.97	12.34	18.98
45.99	12.34	18.98
45.99	13.21	19.49
46.65	14.23	19.78
47.01	15.84	20.15
47.81	16.94	20.59
48.03	18.32	20.88
48.33	18.32	20.88
48.33	19.71	21.32
48.62	20.88	21.46
49.06	22.26	21.83
49.06	24.09	22.34
49.13	25.84	22.70
48.62	25.84	22.70
48.62	27.30	22.85
48.47	28.91	23.07
47.74	30.73	23.14
47.16	32.41	22.99
45.92	33.73	23.07
44.82	33.73	23.07
44.82	35.19	23.14
43.58	36.79	23.07
42.70	38.33	23.51
41.54	40.08	23.80
40.22	41.76	23.51
38.84	41.76	23.51
38.84	43.43	23.58
37.30	45.11	23.14
34.82	46.65	22.63
32.41	47.74	22.48
30.22	48.76	22.05
28.32	48.76	22.05
28.32	50.30	22.19
26.35	51.61	21.75
23.72	52.71	21.24
20.80	53.36	20.66
18.18	54.09	20.66
15.99	54.09	20.66
15.99	54.97	20.73
13.87	56.14	20.29
11.10	57.01	19.49
7.81	57.16	18.98
5.11	57.52	18.54
2.56	57.52	18.54
2.56	58.04	18.32
0.44	58.62	17.67
-2.85	58.47	17.01
-5.84	58.18	16.79
-8.03	58.40	16.64
-10.00	58.91	16.21
-12.70	58.91	16.21
-12.70	58.84	15.33
-15.91	57.82	14.82
-18.10	58.04	14.38
-20.07	57.60	13.80
-22.70	57.23	12.92
-25.33	57.23	12.92
-25.33	56.28	12.99
-26.94	56.06	12.70
-28.76	56.06	11.83
-30.88	54.82	11.24
-33.14	54.31	10.80
-34.60	54.31	10.80
-34.60	53.87	10.29
-36.65	52.85	9.56
-38.47	51.54	9.78
-39.49	51.54	9.27
-40.73	50.59	8.47
-42.34	50.59	8.47
-42.34	49.49	8.03
-43.36	48.91	7.67
-44.53	47.74	7.08
-46.28	46.50	7.15
-46.21	46.50	6.79
-47.45	46.50	6.79
-47.45	45.26	5.91
-48.54	44.46	5.77
-48.91	43.36	4.89
-50.22	41.76	5.33
-50.15	41.83	4.96
-50.30	41.83	4.96
-50.30	40.52	4.09
-51.32	39.49	4.09
-51.17	38.91	3.07
-52.20	37.52	3.28
-51.68	37.16	3.28
-51.68	37.16	3.28
-51.68	36.21	2.56
-52.34	35.26	2.56
-51.90	34.60	1.68
-52.63	33.14	1.90
-51.39	33.22	1.68
-51.61	33.22	1.68
-51.61	31.83	1.02
-52.05	31.24	1.10
-51.25	30.73	0.29
-51.68	29.20	0.58
-50.66	29.13	0.37
-50.22	29.13	0.37
-50.22	28.25	-0.07
-50.52	27.67	-0.15
-49.57	26.94	-0.73
-49.49	25.84	-0.66
-48.62	25.77	-0.58
-47.89	25.77	-0.58
-47.89	24.89	-1.17
-47.96	24.45	-1.24
-46.87	23.94	-1.61
-46.43	22.92	-1.97
-46.14	22.48	-1.24
-44.38	22.48	-1.24
-44.38	22.41	-1.75
-44.38	21.68	-2.04
-43.95	21.10	-1.90
-43.07	20.95	-2.41
-42.63	19.93	-2.77
-41.68	19.93	-2.77
-41.68	19.34	-1.90
-40.37	19.34	-2.19
-39.42	18.98	-2.70
-39.20	17.96	-2.85
-38.47	17.88	-2.56
-37.45	17.45	-2.92
-37.08	17.45	-2.92
-37.08	16.57	-3.14
-36.21	16.13	-2.48
-34.68	16.21	-2.41
-33.58	15.77	-3.07
-33.29	15.04	-2.92
-32.34	15.04	-2.92
-32.34	14.60	-2.77
-31.39	14.75	-2.85
-30.37	14.45	-3.07
-30.15	13.36	-3.14
-29.13	12.99	-2.63
-27.52	12.99	-2.63
-27.52	12.77	-2.26
-26.21	12.92	-2.70
-25.55	12.26	-2.77
-24.97	11.68	-2.63
-23.87	11.31	-2.34
-22.85	11.31	-2.34
-22.85	11.31	-2.26
-21.90	11.24	-2.48
-20.95	10.29	-2.41
-20.22	9.71	-2.19
-19.13	9.34	-1.61
-17.23	9.34	-1.61
-17.23	9.20	-1.31
-15.77	9.27	-1.31
-15.04	8.98	-1.10
-14.31	8.54	-1.31
-13.51	7.67	-1.10
-12.41	7.67	-1.10
-12.41	7.37	-0.51
-10.88	7.23	-0.29
-9.49	6.94	-0.15
-8.47	7.01	0.00
-7.59	6.57	0.07
-6.72	6.57	0.07
-6.72	5.77	0.00
-5.48	5.33	0.58
-4.01	4.82	1.24
-2.41	4.82	1.61
-0.95	4.60	2.26
0.51	4.60	2.26
0.51	4.67	2.56
1.82	4.31	2.85
2.70	4.45	2.92
3.80	3.72	3.21
4.96	3.43	3.65
6.42	3.43	3.65
6.42	3.14	3.87
7.88	2.77	4.53
9.34	2.70	4.96
11.02	2.63	5.40
12.56	2.92	5.84
13.80	2.92	5.84
13.80	2.77	6.28
15.04	2.63	6.57
16.21	2.56	7.01
17.67	2.19	7.52
19.05	1.90	8.18
20.66	1.90	8.18
20.66	1.90	9.13
22.12	1.75	9.78
23.94	2.04	9.93
25.55	2.26	10.66
26.72	2.56	11.31
28.83	2.56	11.31
28.83	2.70	11.97
30.00	3.21	12.77
31.68	3.65	13.21
33.14	4.31	13.87
34.38	4.67	14.16
35.84	4.67	14.16
35.84	5.26	14.97
37.01	5.91	15.18
38.25	6.79	16.06
39.86	7.52	16.57
40.88	8.39	17.01
41.97	8.39	17.01
41.97	9.20	17.52
43.07	10.29	18.03
44.17	11.17	18.40
44.60	12.05	18.83
45.63	13.36	19.27
46.06	13.36	19.27
46.06	14.38	19.56
46.87	15.33	19.93
47.16	16.79	20.51
47.96	18.25	21.02
48.54	19.78	21.53
48.84	19.78	21.53
48.84	20.95	21.90
48.98	22.56	22.12
49.20	24.31	22.26
48.98	26.13	22.63
48.69	27.67	22.63
48.11	27.67	22.63
48.11	29.20	22.92
47.23	30.73	22.70
46.50	32.19	23.07
45.77	33.73	23.21
44.90	35.19	23.58
43.80	35.19	23.58
43.80	36.86	23.58
43.22	38.54	23.72
41.97	40.59	23.58
40.44	42.49	23.51
38.47	44.02	23.21
36.28	45.26	22.63
34.46	45.26	22.63
34.46	46.43	22.63
32.41	47.81	22.56
30.44	49.35	22.56
28.25	50.74	22.05
25.77	51.76	21.46
23.07	51.76	21.46
23.07	52.63	21.32
20.44	53.29	21.17
18.47	54.38	21.02
16.42	55.41	20.66
13.80	56.65	19.93
10.37	56.65	19.93
10.37	56.79	19.42
7.30	57.09	18.98
4.89	57.60	18.83
2.77	58.40	17.96
-0.51	58.47	17.30
-3.87	58.47	17.30
-3.87	58.11	17.01
-6.42	58.04	16.94
-7.88	58.40	16.86
-10.07	58.91	15.99
-12.99	58.33	15.18
-16.28	58.33	15.18
-16.28	58.04	14.53
-18.69	58.04	14.53
-20.51	57.74	13.80
-22.78	57.31	12.85
-25.70	55.99	12.92
-27.45	55.99	12.92
-27.45	56.06	12.63
-29.27	55.92	11.83
-31.10	55.11	11.02
-33.22	54.09	10.88
-34.89	53.36	10.22
-37.01	53.36	10.22
-37.01	52.49	9.34
-39.13	51.39	9.49
-40.08	51.03	9.34
-40.73	50.74	8.83
-42.34	49.35	7.96
-43.95	49.35	7.96
-43.95	48.11	7.74
-45.04	47.81	6.86
-46.50	46.36	6.57
-47.30	45.41	6.72
-47.45	45.19	6.13
-48.47	45.19	6.13
-48.47	43.95	5.55
-49.49	42.78	5.33
-49.86	42.34	4.89
-50.52	41.25	4.31
-51.17	39.93	4.31
-50.74	39.93	4.31
-50.74	39.64	3.80
-51.47	38.18	3.28
-51.98	37.60	3.21
-51.68	36.86	2.56
-52.56	35.33	2.34
-51.98	34.97	2.34
-51.54	34.97	2.34
-51.54	33.80	1.61
-52.12	32.92	1.53
-51.76	32.63	1.10
-51.90	31.54	0.88
-52.05	30.59	1.10
-51.17	30.59	1.10
-51.17	30.29	0.66
-50.66	29.05	0.00
-50.74	28.47	0.15
-50.22	27.67	-0.58
-49.86	26.72	-0.66
-49.27	26.72	-0.66
-49.27	26.28	-0.29
-48.33	26.35	-0.73
-48.40	25.26	-1.10
-48.18	24.67	-1.17
-47.09	24.02	-1.75
-46.57	24.02	-1.75
-46.57	22.92	-1.39
-45.48	22.56	-1.46
-44.38	22.26	-1.90
-44.17	21.46	-2.26
-43.43	20.73	-2.12
-42.49	20.73	-2.12
-42.49	20.66	-2.26
-42.12	20.29	-2.48
-41.68	19.42	-2.77
-41.32	18.83	-2.41
-40.30	18.91	-2.26
-38.98	18.91	-2.26
-38.98	18.47	-2.41
-38.40	17.37	-2.92
-37.60	17.01	-2.70
-36.28	16.79	-2.77
-35.40	16.79	-3.07
-34.97	16.79	-3.07
-34.97	16.06	-3.36
-34.16	15.18	-3.14
-33.36	14.89	-2.77
-32.63	14.82	-2.63
-31.10	14.60	-2.41
-30.37	14.60	-2.41
-30.37	13.80	-2.77
-29.56	13.43	-2.99
-28.76	13.07	-2.70
-27.23	12.92	-2.56
-26.50	12.63	-2.48
-25.40	12.63	-2.48
-25.40	12.56	-2.56
-25.11	12.19	-2.92
-24.31	11.31	-2.63
-23.07	10.59	-2.34
-21.53	10.37	-2.04
-20.22	10.37	-2.04
-20.22	10.22	-1.46
-18.91	10.37	-1.53
-18.25	10.00	-1.61