 0.00000000e+00 -3.13900000e+01 -1.68000000e+00 1.08800000e+01
 6.11204796e-02 -2.81000000e+01 -1.82000000e+00 1.12400000e+01
 1.22240959e-01 -2.65000000e+01 -3.43000000e+00 1.21900000e+01
 1.83361439e-01 -2.40900000e+01 -3.50000000e+00 1.24800000e+01
 2.44481919e-01 -2.05900000e+01 -4.23000000e+00 1.34300000e+01
 3.05602398e-01 -1.82500000e+01 -5.55000000e+00 1.36500000e+01
 3.66722878e-01 -1.47500000e+01 -5.84000000e+00 1.42300000e+01
 4.27843357e-01 -1.21200000e+01 -6.79000000e+00 1.51100000e+01
 4.88963837e-01 -8.10000000e+00 -6.79000000e+00 1.61300000e+01
 5.50084317e-01 -5.84000000e+00 -7.81000000e+00 1.68600000e+01
 6.11204796e-01 -1.24000000e+00 -7.67000000e+00 1.71500000e+01
 6.72325276e-01 4.40000000e-01 -7.59000000e+00 1.78100000e+01
 7.33445756e-01 3.28000000e+00 -7.96000000e+00 1.87600000e+01
 7.94566235e-01 7.81000000e+00 -7.67000000e+00 1.97100000e+01
 8.55686715e-01 9.85000000e+00 -7.67000000e+00 2.04400000e+01
 9.16807195e-01 1.40900000e+01 -7.01000000e+00 2.07300000e+01
 9.77927674e-01 1.56900000e+01 -6.28000000e+00 2.21900000e+01
 1.03904815e+00 2.04400000e+01 -5.69000000e+00 2.24100000e+01
 1.10016863e+00 2.19700000e+01 -4.53000000e+00 2.29900000e+01
 1.16128911e+00 2.36500000e+01 -3.65000000e+00 2.39400000e+01
 1.22240959e+00 2.75200000e+01 -2.70000000e+00 2.40900000e+01
 1.28353007e+00 2.86200000e+01 -2.90000000e-01 2.51800000e+01
 1.34465055e+00 3.15400000e+01 3.70000000e-01 2.53300000e+01
 1.40577103e+00 3.28500000e+01 3.28000000e+00 2.61300000e+01
 1.46689151e+00 3.46800000e+01 4.23000000e+00 2.64300000e+01
 1.52801199e+00 3.58400000e+01 5.11000000e+00 2.66400000e+01
 1.58913247e+00 3.63500000e+01 8.69000000e+00 2.66400000e+01
 1.65025295e+00 3.67900000e+01 1.01500000e+01 2.70100000e+01
 1.71137343e+00 3.70100000e+01 1.32100000e+01 2.69400000e+01
 1.77249391e+00 3.67900000e+01 1.46700000e+01 2.70800000e+01
 1.83361439e+00 3.71600000e+01 1.71500000e+01 2.66400000e+01
 1.89473487e+00 3.57000000e+01 1.94200000e+01 2.66400000e+01
 1.95585535e+00 3.45300000e+01 2.08000000e+01 2.66400000e+01
 2.01697583e+00 3.43100000e+01 2.38700000e+01 2.59900000e+01
 2.07809631e+00 3.19000000e+01 2.57700000e+01 2.61300000e+01
 2.13921679e+00 3.08100000e+01 2.75900000e+01 2.51800000e+01
 2.20033727e+00 2.80300000e+01 2.92700000e+01 2.47500000e+01
 2.26145775e+00 2.59100000e+01 3.16100000e+01 2.41600000e+01
 2.32257823e+00 2.29900000e+01 3.34300000e+01 2.33600000e+01
 2.38369871e+00 2.07300000e+01 3.44600000e+01 2.35800000e+01
 2.44481919e+00 1.89800000e+01 3.62800000e+01 2.19700000e+01
 2.50593967e+00 1.42300000e+01 3.75200000e+01 2.20500000e+01
 2.56706014e+00 1.25600000e+01 3.91300000e+01 2.08800000e+01
 2.62818062e+00 7.59000000e+00 4.01500000e+01 2.08800000e+01
 2.68930110e+00 5.62000000e+00 4.11000000e+01 1.92000000e+01
 2.75042158e+00 3.70000000e-01 4.19000000e+01 1.90500000e+01
 2.81154206e+00 -1.46000000e+00 4.19000000e+01 1.85400000e+01
 2.87266254e+00 -3.80000000e+00 4.30000000e+01 1.77400000e+01
 2.93378302e+00 -8.39000000e+00 4.28500000e+01 1.70800000e+01
 2.99490350e+00 -1.11000000e+01 4.36500000e+01 1.62100000e+01
 3.05602398e+00 -1.54800000e+01 4.38000000e+01 1.52600000e+01
 3.11714446e+00 -1.81800000e+01 4.34300000e+01 1.48900000e+01
 3.17826494e+00 -2.21200000e+01 4.40200000e+01 1.39400000e+01
 3.23938542e+00 -2.50400000e+01 4.37300000e+01 1.32100000e+01
 3.30050590e+00 -2.91300000e+01 4.40900000e+01 1.32900000e+01
 3.36162638e+00 -3.05900000e+01 4.30000000e+01 1.26300000e+01
 3.42274686e+00 -3.26300000e+01 4.29200000e+01 1.20500000e+01
 3.48386734e+00 -3.65700000e+01 4.29200000e+01 1.14600000e+01
 3.54498782e+00 -3.85400000e+01 4.19700000e+01 1.03700000e+01
 3.60610830e+00 -4.19700000e+01 4.19700000e+01 1.03700000e+01
 3.66722878e+00 -4.38000000e+01 4.12500000e+01 1.00000000e+01
 3.72834926e+00 -4.68700000e+01 4.02200000e+01 9.64000000e+00
 3.78946974e+00 -4.75200000e+01 3.99300000e+01 8.83000000e+00
 3.85059022e+00 -4.96400000e+01 3.92000000e+01 8.83000000e+00
 3.91171070e+00 -5.19000000e+01 3.86900000e+01 8.98000000e+00
 3.97283118e+00 -5.24100000e+01 3.77400000e+01 8.03000000e+00
 4.03395166e+00 -5.51100000e+01 3.72300000e+01 7.96000000e+00
 4.09507214e+00 -5.62800000e+01 3.59900000e+01 7.45000000e+00
 4.15619262e+00 -5.83300000e+01 3.56200000e+01 7.67000000e+00
 4.21731310e+00 -5.84700000e+01 3.50400000e+01 7.08000000e+00
 4.27843357e+00 -5.95700000e+01 3.36500000e+01 6.64000000e+00
 4.33955405e+00 -6.11000000e+01 3.32200000e+01 6.86000000e+00
 4.40067453e+00 -6.11000000e+01 3.17500000e+01 7.01000000e+00
 4.46179501e+00 -6.19000000e+01 3.12400000e+01 6.21000000e+00
 4.52291549e+00 -6.28500000e+01 2.98600000e+01 6.28000000e+00
 4.58403597e+00 -6.35100000e+01 2.91300000e+01 6.64000000e+00
 4.64515645e+00 -6.30700000e+01 2.84700000e+01 5.84000000e+00
 4.70627693e+00 -6.39500000e+01 2.73700000e+01 5.99000000e+00
 4.76739741e+00 -6.39500000e+01 2.66400000e+01 6.50000000e+00
 4.82851789e+00 -6.32200000e+01 2.54800000e+01 5.99000000e+00
 4.88963837e+00 -6.32900000e+01 2.46000000e+01 5.69000000e+00
 4.95075885e+00 -6.38000000e+01 2.27800000e+01 5.69000000e+00
 5.01187933e+00 -6.31500000e+01 2.27000000e+01 5.91000000e+00
 5.07299981e+00 -6.24900000e+01 2.16800000e+01 5.69000000e+00
 5.13412029e+00 -6.24200000e+01 2.00700000e+01 6.13000000e+00
 5.19524077e+00 -6.11700000e+01 1.97100000e+01 5.84000000e+00
 5.25636125e+00 -6.11700000e+01 1.82500000e+01 6.06000000e+00
 5.31748173e+00 -5.98600000e+01 1.72300000e+01 6.28000000e+00
 5.37860221e+00 -5.84700000e+01 1.60600000e+01 6.50000000e+00
 5.43972269e+00 -5.74500000e+01 1.47500000e+01 6.42000000e+00
 5.50084317e+00 -5.65800000e+01 1.43100000e+01 6.64000000e+00
 5.56196365e+00 -5.58400000e+01 1.27000000e+01 6.35000000e+00
 5.62308413e+00 -5.43800000e+01 1.20500000e+01 7.01000000e+00
 5.68420461e+00 -5.26300000e+01 1.05900000e+01 7.15000000e+00
 5.74532509e+00 -5.08800000e+01 9.27000000e+00 7.45000000e+00
 5.80644557e+00 -4.91300000e+01 8.18000000e+00 7.81000000e+00
 5.86756605e+00 -4.71600000e+01 6.86000000e+00 8.03000000e+00
 5.92868653e+00 -4.57700000e+01 6.57000000e+00 8.10000000e+00
 5.98980700e+00 -4.46000000e+01 4.53000000e+00 8.39000000e+00
 6.05092748e+00 -4.20500000e+01 4.38000000e+00 8.69000000e+00
 6.11204796e+00 -4.02200000e+01 2.48000000e+00 9.05000000e+00
 6.17316844e+00 -3.70800000e+01 1.82000000e+00 1.00000000e+01
 6.23428892e+00 -3.48900000e+01 1.50000000e-01 1.00000000e+01
 6.29540940e+00 -3.20500000e+01 -5.10000000e-01 1.05100000e+01
 6.35652988e+00 -3.00800000e+01 -1.39000000e+00 1.09500000e+01
 6.41765036e+00 -2.78900000e+01 -2.48000000e+00 1.20500000e+01
 6.47877084e+00 -2.41600000e+01 -3.50000000e+00 1.26300000e+01
 6.53989132e+00 -2.23400000e+01 -4.16000000e+00 1.29900000e+01
 6.60101180e+00 -1.92700000e+01 -4.89000000e+00 1.37200000e+01
 6.66213228e+00 -1.65000000e+01 -5.62000000e+00 1.43800000e+01
 6.72325276e+00 -1.27000000e+01 -6.42000000e+00 1.50400000e+01
 6.78437324e+00 -9.78000000e+00 -7.01000000e+00 1.54800000e+01
 6.84549372e+00 -6.72000000e+00 -7.08000000e+00 1.62800000e+01
 6.90661420e+00 -3.87000000e+00 -7.81000000e+00 1.70100000e+01
 6.96773468e+00 -1.53000000e+00 -7.52000000e+00 1.79600000e+01
 7.02885516e+00 3.14000000e+00 -8.10000000e+00 1.88300000e+01
 7.08997564e+00 5.48000000e+00 -7.67000000e+00 1.89100000e+01
 7.15109612e+00 9.20000000e+00 -7.30000000e+00 2.00000000e+01
 7.21221660e+00 1.16100000e+01 -7.23000000e+00 2.07300000e+01
 7.27333708e+00 1.58400000e+01 -6.50000000e+00 2.15300000e+01
 7.33445756e+00 1.78100000e+01 -6.13000000e+00 2.21900000e+01
 7.39557804e+00 2.01500000e+01 -4.96000000e+00 2.27000000e+01
 7.45669852e+00 2.30700000e+01 -3.80000000e+00 2.32900000e+01
 7.51781900e+00 2.50400000e+01 -2.70000000e+00 2.43100000e+01
 7.57893948e+00 2.84700000e+01 -1.46000000e+00 2.45300000e+01
 7.64005996e+00 2.97800000e+01 2.20000000e-01 2.58400000e+01
 7.70118043e+00 3.28500000e+01 1.17000000e+00 2.55500000e+01
 7.76230091e+00 3.34300000e+01 2.77000000e+00 2.57000000e+01
 7.82342139e+00 3.40200000e+01 5.55000000e+00 2.65000000e+01
 7.88454187e+00 3.61300000e+01 6.72000000e+00 2.65000000e+01
 7.94566235e+00 3.62800000e+01 1.00700000e+01 2.72300000e+01
 8.00678283e+00 3.74500000e+01 1.11000000e+01 2.73000000e+01
 8.06790331e+00 3.76700000e+01 1.46000000e+01 2.67200000e+01
 8.12902379e+00 3.65700000e+01 1.60600000e+01 2.71600000e+01
 8.19014427e+00 3.66500000e+01 1.73000000e+01 2.67200000e+01
 8.25126475e+00 3.61300000e+01 2.11700000e+01 2.65700000e+01
 8.31238523e+00 3.42400000e+01 2.21200000e+01 2.67900000e+01
 8.37350571e+00 3.35800000e+01 2.56200000e+01 2.56200000e+01
 8.43462619e+00 3.03700000e+01 2.65700000e+01 2.57000000e+01
 8.49574667e+00 2.97800000e+01 2.97100000e+01 2.50400000e+01
 8.55686715e+00 2.65000000e+01 3.05900000e+01 2.48200000e+01
 8.61798763e+00 2.49700000e+01 3.16800000e+01 2.39400000e+01
 8.67910811e+00 2.26300000e+01 3.44600000e+01 2.34300000e+01
 8.74022859e+00 1.85400000e+01 3.54000000e+01 2.27800000e+01
 8.80134907e+00 1.64200000e+01 3.67900000e+01 2.19700000e+01
 8.86246955e+00 1.27000000e+01 3.78900000e+01 2.12400000e+01
 8.92359003e+00 1.00700000e+01 3.94900000e+01 2.06600000e+01
 8.98471051e+00 5.99000000e+00 4.06600000e+01 1.95600000e+01
 9.04583099e+00 2.99000000e+00 4.10300000e+01 2.00000000e+01
 9.10695147e+00 9.50000000e-01 4.23400000e+01 1.82500000e+01
 9.16807195e+00 -4.31000000e+00 4.24900000e+01 1.81000000e+01
 9.22919243e+00 -6.06000000e+00 4.35100000e+01 1.72300000e+01
 9.29031291e+00 -1.08800000e+01 4.32200000e+01 1.66400000e+01
 9.35143339e+00 -1.33600000e+01 4.38700000e+01 1.56900000e+01
 9.41255386e+00 -1.79600000e+01 4.38700000e+01 1.48200000e+01
 9.47367434e+00 -2.05900000e+01 4.38700000e+01 1.48900000e+01
 9.53479482e+00 -2.21900000e+01 4.40900000e+01 1.35800000e+01
 9.59591530e+00 -2.70800000e+01 4.38000000e+01 1.33600000e+01
 9.65703578e+00 -2.87600000e+01 4.33600000e+01 1.27700000e+01
 9.71815626e+00 -3.25600000e+01 4.30000000e+01 1.19000000e+01
 9.77927674e+00 -3.53300000e+01 4.30000000e+01 1.13900000e+01
 9.84039722e+00 -3.85400000e+01 4.27000000e+01 1.13900000e+01
 9.90151770e+00 -4.00800000e+01 4.15400000e+01 1.06600000e+01
 9.96263818e+00 -4.17600000e+01 4.11700000e+01 1.02900000e+01
 1.00237587e+01 -4.52600000e+01 4.11700000e+01 9.71000000e+00
 1.00848791e+01 -4.70100000e+01 4.00000000e+01 8.98000000e+00
 1.01459996e+01 -5.00100000e+01 3.96400000e+01 9.27000000e+00
 1.02071201e+01 -5.08100000e+01 3.84000000e+01 9.13000000e+00
 1.02682406e+01 -5.27100000e+01 3.81100000e+01 7.96000000e+00
 1.03293611e+01 -5.45300000e+01 3.72300000e+01 7.96000000e+00
 1.03904815e+01 -5.65800000e+01 3.62800000e+01 8.18000000e+00
 1.04516020e+01 -5.67900000e+01 3.61300000e+01 7.37000000e+00
 1.05127225e+01 -5.84000000e+01 3.51900000e+01 7.45000000e+00
 1.05738430e+01 -5.95700000e+01 3.38700000e+01 7.01000000e+00
 1.06349635e+01 -6.00800000e+01 3.29200000e+01 6.86000000e+00
 1.06960839e+01 -6.13200000e+01 3.26300000e+01 6.94000000e+00
 1.07572044e+01 -6.15400000e+01 3.13900000e+01 6.50000000e+00
 1.08183249e+01 -6.25600000e+01 3.04400000e+01 6.35000000e+00
 1.08794454e+01 -6.31500000e+01 3.00000000e+01 6.79000000e+00
 1.09405659e+01 -6.28500000e+01 2.86200000e+01 6.42000000e+00
 1.10016863e+01 -6.36600000e+01 2.78100000e+01 5.91000000e+00
 1.10628068e+01 -6.39500000e+01 2.62100000e+01 5.62000000e+00
 1.11239273e+01 -6.40900000e+01 2.59900000e+01 6.13000000e+00
 1.11850478e+01 -6.36600000e+01 2.42400000e+01 6.42000000e+00
 1.12461683e+01 -6.28500000e+01 2.36500000e+01 5.77000000e+00
 1.13072887e+01 -6.37300000e+01 2.31400000e+01 5.99000000e+00
 1.13684092e+01 -6.26300000e+01 2.18300000e+01 6.28000000e+00
 1.14295297e+01 -6.17600000e+01 2.05900000e+01 5.77000000e+00
 1.14906502e+01 -6.19800000e+01 1.92700000e+01 5.99000000e+00
 1.15517707e+01 -6.08100000e+01 1.90500000e+01 6.28000000e+00
 1.16128911e+01 -6.00800000e+01 1.73700000e+01 6.06000000e+00
 1.16740116e+01 -5.89800000e+01 1.63500000e+01 6.28000000e+00
 1.17351321e+01 -5.78200000e+01 1.58400000e+01 6.21000000e+00
 1.17962526e+01 -5.76700000e+01 1.37200000e+01 6.35000000e+00
 1.18573731e+01 -5.58400000e+01 1.36500000e+01 6.72000000e+00
 1.19184935e+01 -5.45300000e+01 1.19000000e+01 7.01000000e+00
 1.19796140e+01 -5.27100000e+01 1.05100000e+01 7.37000000e+00
 1.20407345e+01 -5.11000000e+01 9.27000000e+00 7.52000000e+00
 1.21018550e+01 -4.90600000e+01 8.18000000e+00 7.59000000e+00
 1.21629754e+01 -4.79600000e+01 7.96000000e+00 7.67000000e+00
 1.22240959e+01 -4.67200000e+01 5.91000000e+00 7.74000000e+00
 1.22852164e+01 -4.44600000e+01 5.55000000e+00 8.39000000e+00
 1.23463369e+01 -4.29200000e+01 3.87000000e+00 8.83000000e+00
 1.24074574e+01 -3.97900000e+01 3.14000000e+00 9.56000000e+00
 1.24685778e+01 -3.77400000e+01 1.61000000e+00 9.64000000e+00
 1.25296983e+01 -3.51100000e+01 8.00000000e-01 1.02200000e+01
 1.25908188e+01 -3.32200000e+01 -4.40000000e-01 1.04400000e+01
 1.26519393e+01 -3.12400000e+01 -1.39000000e+00 1.13900000e+01
 1.27130598e+01 -2.71600000e+01 -2.77000000e+00 1.16100000e+01
 1.27741802e+01 -2.54000000e+01 -2.99000000e+00 1.22600000e+01
 1.28353007e+01 -2.23400000e+01 -4.23000000e+00 1.27700000e+01
 1.28964212e+01 -2.00000000e+01 -4.75000000e+00 1.36500000e+01
 1.29575417e+01 -1.56200000e+01 -5.91000000e+00 1.44500000e+01
 1.30186622e+01 -1.35100000e+01 -6.13000000e+00 1.46700000e+01
 1.30797826e+01 -1.00000000e+01 -7.01000000e+00 1.56200000e+01
 1.31409031e+01 -7.23000000e+00 -7.30000000e+00 1.59900000e+01
 1.32020236e+01 -5.48000000e+00 -7.52000000e+00 1.75200000e+01
 1.32631441e+01 -1.50000000e-01 -8.25000000e+00 1.74500000e+01
 1.33242646e+01 1.53000000e+00 -7.81000000e+00 1.86100000e+01
 1.33853850e+01 6.06000000e+00 -8.03000000e+00 1.92000000e+01
 1.34465055e+01 8.47000000e+00 -7.15000000e+00 2.01500000e+01
 1.35076260e+01 1.23400000e+01 -7.59000000e+00 2.11000000e+01
 1.35687465e+01 1.47500000e+01 -7.30000000e+00 2.10200000e+01
 1.36298670e+01 1.67900000e+01 -5.55000000e+00 2.22600000e+01
 1.36909874e+01 2.08800000e+01 -5.55000000e+00 2.28500000e+01
 1.37521079e+01 2.31400000e+01 -3.72000000e+00 2.38000000e+01
 1.38132284e+01 2.63500000e+01 -3.50000000e+00 2.42400000e+01
 1.38743489e+01 2.79600000e+01 -8.00000000e-01 2.45300000e+01
 1.39354694e+01 3.00000000e+01 1.50000000e-01 2.53300000e+01
 1.39965898e+01 3.21200000e+01 8.00000000e-01 2.55500000e+01
 1.40577103e+01 3.30000000e+01 3.50000000e+00 2.65700000e+01
 1.41188308e+01 3.50400000e+01 4.23000000e+00 2.62100000e+01
 1.41799513e+01 3.60600000e+01 8.25000000e+00 2.66400000e+01
 1.42410718e+01 3.64300000e+01 9.13000000e+00 2.70100000e+01
 1.43021922e+01 3.72300000e+01 1.21200000e+01 2.70800000e+01
 1.43633127e+01 3.70800000e+01 1.34300000e+01 2.72300000e+01
 1.44244332e+01 3.75200000e+01 1.49700000e+01 2.70100000e+01
 1.44855537e+01 3.65700000e+01 1.88300000e+01 2.68600000e+01
 1.45466742e+01 3.53300000e+01 2.00700000e+01 2.67900000e+01
 1.46077946e+01 3.45300000e+01 2.34300000e+01 2.65000000e+01
 1.46689151e+01 3.28500000e+01 2.43100000e+01 2.59900000e+01
 1.47300356e+01 3.15400000e+01 2.74500000e+01 2.54800000e+01
 1.47911561e+01 2.86900000e+01 2.86200000e+01 2.48900000e+01
 1.48522766e+01 2.67200000e+01 3.05900000e+01 2.48200000e+01
 1.49133970e+01 2.52600000e+01 3.27000000e+01 2.35100000e+01
 1.49745175e+01 2.08000000e+01 3.41600000e+01 2.35100000e+01
 1.50356380e+01 1.94200000e+01 3.62100000e+01 2.25600000e+01
 1.50967585e+01 1.54800000e+01 3.67900000e+01 2.24800000e+01
 1.51578790e+01 1.37200000e+01 3.89800000e+01 2.08000000e+01
 1.52189994e+01 8.25000000e+00 3.94200000e+01 2.05100000e+01
 1.52801199e+01 5.91000000e+00 4.08100000e+01 2.00000000e+01
 1.53412404e+01 3.28000000e+00 4.13900000e+01 1.88300000e+01
 1.54023609e+01 -1.61000000e+00 4.22700000e+01 1.85400000e+01
 1.54634813e+01 -3.36000000e+00 4.30000000e+01 1.76700000e+01
 1.55246018e+01 -8.32000000e+00 4.28500000e+01 1.70800000e+01
 1.55857223e+01 -1.06600000e+01 4.36500000e+01 1.62100000e+01
 1.56468428e+01 -1.56900000e+01 4.38700000e+01 1.51800000e+01
 1.57079633e+01 -1.84700000e+01 4.40200000e+01 1.53300000e+01
 1.57690837e+01 -2.00700000e+01 4.42400000e+01 1.43800000e+01
 1.58302042e+01 -2.44500000e+01 4.40900000e+01 1.35800000e+01
 1.58913247e+01 -2.67200000e+01 4.33600000e+01 1.27700000e+01
 1.59524452e+01 -3.08100000e+01 4.38700000e+01 1.26300000e+01
 1.60135657e+01 -3.30700000e+01 4.31400000e+01 1.19000000e+01
 1.60746861e+01 -3.70800000e+01 4.21900000e+01 1.16800000e+01
 1.61358066e+01 -3.87600000e+01 4.27000000e+01 1.09500000e+01
 1.61969271e+01 -4.09500000e+01 4.21900000e+01 1.05100000e+01
 1.62580476e+01 -4.40200000e+01 4.11000000e+01 1.02200000e+01
 1.63191681e+01 -4.54100000e+01 4.04400000e+01 9.27000000e+00
 1.63802885e+01 -4.81100000e+01 4.03000000e+01 9.56000000e+00
 1.64414090e+01 -4.91300000e+01 3.92700000e+01 8.69000000e+00
 1.65025295e+01 -5.16800000e+01 3.86200000e+01 8.39000000e+00
 1.65636500e+01 -5.35100000e+01 3.75200000e+01 7.81000000e+00
 1.66247705e+01 -5.57700000e+01 3.70800000e+01 8.10000000e+00
 1.66858909e+01 -5.59900000e+01 3.68600000e+01 7.88000000e+00
 1.67470114e+01 -5.72300000e+01 3.58400000e+01 7.45000000e+00
 1.68081319e+01 -5.92000000e+01 3.46800000e+01 7.15000000e+00
 1.68692524e+01 -5.96400000e+01 3.33600000e+01 6.64000000e+00
 1.69303729e+01 -6.11000000e+01 3.30700000e+01 7.08000000e+00
 1.69914933e+01 -6.11700000e+01 3.18300000e+01 6.79000000e+00
 1.70526138e+01 -6.18300000e+01 3.14600000e+01 6.28000000e+00
 1.71137343e+01 -6.32200000e+01 3.02200000e+01 6.28000000e+00
 1.71748548e+01 -6.32200000e+01 2.86900000e+01 5.91000000e+00
 1.72359753e+01 -6.38000000e+01 2.87600000e+01 6.28000000e+00
 1.72970957e+01 -6.35800000e+01 2.71600000e+01 6.28000000e+00
 1.73582162e+01 -6.31500000e+01 2.63500000e+01 5.77000000e+00
 1.74193367e+01 -6.40900000e+01 2.52600000e+01 5.91000000e+00
 1.74804572e+01 -6.37300000e+01 2.40200000e+01 6.13000000e+00
 1.75415777e+01 -6.30700000e+01 2.38700000e+01 5.77000000e+00
 1.76026981e+01 -6.33600000e+01 2.24800000e+01 6.21000000e+00
 1.76638186e+01 -6.22700000e+01 2.13200000e+01 5.84000000e+00
 1.77249391e+01 -6.19800000e+01 1.98600000e+01 5.99000000e+00
 1.77860596e+01 -6.13200000e+01 1.94900000e+01 6.13000000e+00
 1.78471801e+01 -6.03000000e+01 1.80300000e+01 6.06000000e+00
 1.79083005e+01 -5.92800000e+01 1.67200000e+01 6.21000000e+00
 1.79694210e+01 -5.85500000e+01 1.64200000e+01 6.35000000e+00
 1.80305415e+01 -5.78200000e+01 1.49700000e+01 6.13000000e+00
 1.80916620e+01 -5.65000000e+01 1.38700000e+01 6.94000000e+00
 1.81527825e+01 -5.50400000e+01 1.21900000e+01 7.15000000e+00
 1.82139029e+01 -5.29300000e+01 1.13900000e+01 6.57000000e+00
 1.82750234e+01 -5.24900000e+01 9.71000000e+00 7.15000000e+00
 1.83361439e+01 -5.01500000e+01 9.20000000e+00 7.59000000e+00
 1.83972644e+01 -4.86900000e+01 7.96000000e+00 7.67000000e+00
 1.84583849e+01 -4.73000000e+01 6.79000000e+00 8.10000000e+00
 1.85195053e+01 -4.49000000e+01 5.62000000e+00 8.32000000e+00
 1.85806258e+01 -4.38700000e+01 3.87000000e+00 8.76000000e+00
 1.86417463e+01 -4.01500000e+01 3.50000000e+00 8.61000000e+00
 1.87028668e+01 -3.94900000e+01 1.61000000e+00 9.49000000e+00
 1.87639873e+01 -3.57000000e+01 1.46000000e+00 9.93000000e+00
 1.88251077e+01 -3.40900000e+01 5.10000000e-01 1.05100000e+01
 1.88862282e+01 -3.20500000e+01 -8.80000000e-01 1.05100000e+01
 1.89473487e+01 -2.88300000e+01 -1.75000000e+00 1.15300000e+01
 1.90084692e+01 -2.65000000e+01 -2.85000000e+00 1.20500000e+01
 1.90695896e+01 -2.31400000e+01 -3.80000000e+00 1.28500000e+01
 1.91307101e+01 -2.08800000e+01 -4.31000000e+00 1.32900000e+01
 1.91918306e+01 -1.77400000e+01 -5.26000000e+00 1.40900000e+01
 1.92529511e+01 -1.50400000e+01 -5.99000000e+00 1.43100000e+01
 1.93140716e+01 -1.30700000e+01 -6.57000000e+00 1.55500000e+01
 1.93751920e+01 -8.47000000e+00 -7.45000000e+00 1.55500000e+01
 1.94363125e+01 -6.79000000e+00 -7.52000000e+00 1.67900000e+01
 1.94974330e+01 -1.97000000e+00 -7.96000000e+00 1.73700000e+01
 1.95585535e+01 1.50000000e-01 -7.81000000e+00 1.86900000e+01
 1.96196740e+01 5.04000000e+00 -8.39000000e+00 1.89100000e+01
 1.96807944e+01 7.45000000e+00 -8.03000000e+00 1.93400000e+01
 1.97419149e+01 8.98000000e+00 -7.52000000e+00 2.05100000e+01
 1.98030354e+01 1.35800000e+01 -7.30000000e+00 2.08000000e+01
 1.98641559e+01 1.55500000e+01 -6.50000000e+00 2.23400000e+01
 1.99252764e+01 2.00000000e+01 -6.28000000e+00 2.24100000e+01
 1.99863968e+01 2.15300000e+01 -4.23000000e+00 2.33600000e+01
 2.00475173e+01 2.49700000e+01 -3.80000000e+00 2.38700000e+01
 2.01086378e+01 2.69400000e+01 -1.61000000e+00 2.46700000e+01
 2.01697583e+01 2.94200000e+01 -9.50000000e-01 2.54800000e+01
 2.02308788e+01 3.15400000e+01 -2.20000000e-01 2.52600000e+01
 2.02919992e+01 3.22700000e+01 2.99000000e+00 2.59100000e+01
 2.03531197e+01 3.40900000e+01 4.09000000e+00 2.62800000e+01
 2.04142402e+01 3.52600000e+01 6.94000000e+00 2.66400000e+01
 2.04753607e+01 3.61300000e+01 8.32000000e+00 2.73000000e+01
 2.05364812e+01 3.72300000e+01 1.08800000e+01 2.67200000e+01
 2.05976016e+01 3.69400000e+01 1.30700000e+01 2.68600000e+01
 2.06587221e+01 3.67900000e+01 1.41600000e+01 2.72300000e+01
 2.07198426e+01 3.70100000e+01 1.74500000e+01 2.67200000e+01
 2.07809631e+01 3.59900000e+01 1.92700000e+01 2.70100000e+01
 2.08420836e+01 3.55500000e+01 2.18300000e+01 2.61300000e+01
 2.09032040e+01 3.30000000e+01 2.35800000e+01 2.62800000e+01
 2.09643245e+01 3.21200000e+01 2.62800000e+01 2.56200000e+01
 2.10254450e+01 2.94900000e+01 2.83200000e+01 2.56200000e+01
 2.10865655e+01 2.81800000e+01 2.87600000e+01 2.52600000e+01
 2.11476860e+01 2.71600000e+01 3.22700000e+01 2.41600000e+01
 2.12088064e+01 2.26300000e+01 3.30700000e+01 2.39400000e+01
 2.12699269e+01 2.11000000e+01 3.53300000e+01 2.30700000e+01
 2.13310474e+01 1.69400000e+01 3.59900000e+01 2.27800000e+01
 2.13921679e+01 1.54000000e+01 3.82500000e+01 2.13900000e+01
 2.14532884e+01 1.00700000e+01 3.90600000e+01 2.11000000e+01
 2.15144088e+01 8.18000000e+00 3.97100000e+01 2.03700000e+01
 2.15755293e+01 5.40000000e+00 4.07300000e+01 1.95600000e+01
 2.16366498e+01 1.10000000e+00 4.16800000e+01 1.88300000e+01
 2.16977703e+01 -1.53000000e+00 4.25600000e+01 1.78800000e+01
 2.17588908e+01 -6.64000000e+00 4.31400000e+01 1.78100000e+01
 2.18200112e+01 -8.76000000e+00 4.38000000e+01 1.62100000e+01
 2.18811317e+01 -1.38000000e+01 4.36500000e+01 1.62100000e+01
 2.19422522e+01 -1.55500000e+01 4.38000000e+01 1.54000000e+01
 2.20033727e+01 -1.84000000e+01 4.36500000e+01 1.46000000e+01
 2.20644932e+01 -2.27000000e+01 4.42400000e+01 1.40200000e+01
 2.21256136e+01 -2.46000000e+01 4.41700000e+01 1.33600000e+01
 2.21867341e+01 -2.89800000e+01 4.33600000e+01 1.32900000e+01
 2.22478546e+01 -3.04400000e+01 4.33600000e+01 1.24100000e+01
 2.23089751e+01 -3.49700000e+01 4.29200000e+01 1.16800000e+01
 2.23700955e+01 -3.73000000e+01 4.30000000e+01 1.17500000e+01
 2.24312160e+01 -3.85400000e+01 4.24900000e+01 1.08800000e+01
 2.24923365e+01 -4.21200000e+01 4.17600000e+01 1.04400000e+01
 2.25534570e+01 -4.38700000e+01 4.06600000e+01 9.64000000e+00
 2.26145775e+01 -4.70100000e+01 4.07300000e+01 9.64000000e+00
 2.26756979e+01 -4.81800000e+01 3.97100000e+01 9.49000000e+00
 2.27368184e+01 -5.08100000e+01 3.88400000e+01 8.47000000e+00
 2.27979389e+01 -5.26300000e+01 3.85400000e+01 8.76000000e+00
 2.28590594e+01 -5.32900000e+01 3.76000000e+01 8.39000000e+00
 2.29201799e+01 -5.51100000e+01 3.70800000e+01 7.59000000e+00
 2.29813003e+01 -5.68700000e+01 3.62800000e+01 7.67000000e+00
 2.30424208e+01 -5.80400000e+01 3.49700000e+01 7.23000000e+00
 2.31035413e+01 -5.89800000e+01 3.41600000e+01 6.94000000e+00
 2.31646618e+01 -6.04400000e+01 3.36500000e+01 7.52000000e+00
 2.32257823e+01 -6.02200000e+01 3.23400000e+01 6.94000000e+00
 2.32869027e+01 -6.18300000e+01 3.19700000e+01 6.42000000e+00
 2.33480232e+01 -6.22700000e+01 3.07300000e+01 6.86000000e+00
 2.34091437e+01 -6.24200000e+01 2.95600000e+01 6.21000000e+00
 2.34702642e+01 -6.32200000e+01 2.94900000e+01 6.50000000e+00
 2.35313847e+01 -6.32200000e+01 2.78900000e+01 6.28000000e+00
 2.35925051e+01 -6.37300000e+01 2.70100000e+01 5.84000000e+00
 2.36536256e+01 -6.39500000e+01 2.57700000e+01 5.77000000e+00
 2.37147461e+01 -6.41700000e+01 2.51100000e+01 6.13000000e+00
 2.37758666e+01 -6.35100000e+01 2.44500000e+01 5.99000000e+00
 2.38369871e+01 -6.35800000e+01 2.29200000e+01 5.69000000e+00
 2.38981075e+01 -6.32200000e+01 2.21200000e+01 5.91000000e+00
 2.39592280e+01 -6.22000000e+01 2.04400000e+01 6.21000000e+00
 2.40203485e+01 -6.12500000e+01 2.02900000e+01 5.69000000e+00
 2.40814690e+01 -6.14700000e+01 1.87600000e+01 5.91000000e+00
 2.41425895e+01 -6.00800000e+01 1.74500000e+01 6.35000000e+00
 2.42037099e+01 -5.90600000e+01 1.70800000e+01 5.84000000e+00
 2.42648304e+01 -5.89100000e+01 1.54800000e+01 6.50000000e+00
 2.43259509e+01 -5.71600000e+01 1.48200000e+01 6.79000000e+00
 2.43870714e+01 -5.57000000e+01 1.33600000e+01 6.72000000e+00
 2.44481919e+01 -5.43100000e+01 1.20500000e+01 6.64000000e+00
 2.45093123e+01 -5.32900000e+01 1.05100000e+01 7.23000000e+00
 2.45704328e+01 -5.08100000e+01 9.85000000e+00 7.01000000e+00
 2.46315533e+01 -5.04400000e+01 9.20000000e+00 7.59000000e+00
 2.46926738e+01 -4.84700000e+01 7.74000000e+00 7.96000000e+00
 2.47537943e+01 -4.61400000e+01 6.06000000e+00 8.10000000e+00
 2.48149147e+01 -4.47500000e+01 5.18000000e+00 8.69000000e+00
 2.48760352e+01 -4.20500000e+01 4.31000000e+00 8.39000000e+00
 2.49371557e+01 -4.09500000e+01 2.34000000e+00 9.49000000e+00
 2.49982762e+01 -3.70800000e+01 1.82000000e+00 9.13000000e+00
 2.50593967e+01 -3.60600000e+01 1.53000000e+00 9.78000000e+00
 2.51205171e+01 -3.40200000e+01 -1.50000000e-01 1.04400000e+01
 2.51816376e+01 -3.08100000e+01 -8.00000000e-01 1.11000000e+01
 2.52427581e+01 -2.83200000e+01 -2.12000000e+00 1.13900000e+01
 2.53038786e+01 -2.54800000e+01 -2.77000000e+00 1.20500000e+01
 2.53649991e+01 -2.30700000e+01 -4.16000000e+00 1.28500000e+01
 2.54261195e+01 -1.94200000e+01 -4.60000000e+00 1.35800000e+01
 2.54872400e+01 -1.69400000e+01 -5.77000000e+00 1.38000000e+01
 2.55483605e+01 -1.50400000e+01 -6.06000000e+00 1.48200000e+01
 2.56094810e+01 -1.06600000e+01 -6.72000000e+00 1.49700000e+01
 2.56706014e+01 -8.91000000e+00 -7.15000000e+00 1.66400000e+01
 2.57317219e+01 -3.58000000e+00 -7.81000000e+00 1.67200000e+01
 2.57928424e+01 -1.61000000e+00 -7.37000000e+00 1.78100000e+01
 2.58539629e+01 2.48000000e+00 -8.10000000e+00 1.81000000e+01
 2.59150834e+01 4.60000000e+00 -7.67000000e+00 1.86100000e+01
 2.59762038e+01 6.50000000e+00 -7.96000000e+00 2.00700000e+01
 2.60373243e+01 1.16100000e+01 -7.52000000e+00 2.00000000e+01
 2.60984448e+01 1.29900000e+01 -6.79000000e+00 2.16100000e+01
 2.61595653e+01 1.80300000e+01 -6.35000000e+00 2.19000000e+01
 2.62206858e+01 1.97800000e+01 -5.04000000e+00 2.30700000e+01
 2.62818062e+01 2.38700000e+01 -4.82000000e+00 2.32900000e+01
 2.63429267e+01 2.46000000e+01 -3.28000000e+00 2.35100000e+01
 2.64040472e+01 2.65000000e+01 -1.82000000e+00 2.46000000e+01
 2.64651677e+01 2.97800000e+01 -8.00000000e-01 2.46700000e+01
 2.65262882e+01 3.08800000e+01 1.24000000e+00 2.59900000e+01
 2.65874086e+01 3.38000000e+01 2.48000000e+00 2.55500000e+01
 2.66485291e+01 3.41600000e+01 5.40000000e+00 2.65700000e+01
 2.67096496e+01 3.59900000e+01 6.79000000e+00 2.64300000e+01
 2.67707701e+01 3.65000000e+01 8.61000000e+00 2.69400000e+01
 2.68318906e+01 3.69400000e+01 1.08000000e+01 2.69400000e+01
 2.68930110e+01 3.73000000e+01 1.29200000e+01 2.66400000e+01
 2.69541315e+01 3.65000000e+01 1.59100000e+01 2.68600000e+01
 2.70152520e+01 3.67200000e+01 1.76700000e+01 2.67900000e+01
 2.70763725e+01 3.55500000e+01 2.04400000e+01 2.69400000e+01
 2.71374930e+01 3.48900000e+01 2.21200000e+01 2.59100000e+01
 2.71986134e+01 3.30000000e+01 2.51800000e+01 2.61300000e+01
 2.72597339e+01 3.09500000e+01 2.67900000e+01 2.53300000e+01
 2.73208544e+01 2.92000000e+01 2.85400000e+01 2.55500000e+01
 2.73819749e+01 2.78900000e+01 3.06600000e+01 2.42400000e+01
 2.74430954e+01 2.41600000e+01 3.22700000e+01 2.41600000e+01
 2.75042158e+01 2.27000000e+01 3.44600000e+01 2.31400000e+01
 2.75653363e+01 1.86900000e+01 3.55500000e+01 2.29200000e+01
 2.76264568e+01 1.70800000e+01 3.73800000e+01 2.17500000e+01
 2.76875773e+01 1.19000000e+01 3.82500000e+01 2.13200000e+01
 2.77486978e+01 1.00700000e+01 3.89800000e+01 2.08000000e+01
 2.78098182e+01 7.37000000e+00 4.04400000e+01 2.01500000e+01
 2.78709387e+01 3.28000000e+00 4.11700000e+01 1.92000000e+01
 2.79320592e+01 3.70000000e-01 4.21200000e+01 1.82500000e+01
 2.79931797e+01 -4.45000000e+00 4.30000000e+01 1.78100000e+01
 2.80543002e+01 -7.23000000e+00 4.31400000e+01 1.65000000e+01
 2.81154206e+01 -1.21900000e+01 4.39500000e+01 1.63500000e+01
 2.81765411e+01 -1.40900000e+01 4.35100000e+01 1.57700000e+01
 2.82376616e+01 -1.65000000e+01 4.35800000e+01 1.50400000e+01
 2.82987821e+01 -2.04400000e+01 4.41700000e+01 1.43800000e+01
 2.83599026e+01 -2.34300000e+01 4.38700000e+01 1.33600000e+01
 2.84210230e+01 -2.77400000e+01 4.39500000e+01 1.35800000e+01
 2.84821435e+01 -2.92700000e+01 4.36500000e+01 1.25600000e+01
 2.85432640e+01 -3.36500000e+01 4.32200000e+01 1.18300000e+01
 2.86043845e+01 -3.58400000e+01 4.30000000e+01 1.19700000e+01
 2.86655050e+01 -3.70100000e+01 4.24900000e+01 1.11000000e+01
 2.87266254e+01 -4.06600000e+01 4.16100000e+01 1.06600000e+01
 2.87877459e+01 -4.24100000e+01 4.06600000e+01 1.00700000e+01
 2.88488664e+01 -4.55500000e+01 4.11700000e+01 9.56000000e+00
 2.89099869e+01 -4.73000000e+01 4.00000000e+01 9.56000000e+00
 2.89711074e+01 -5.00100000e+01 3.91300000e+01 8.91000000e+00
 2.90322278e+01 -5.13200000e+01 3.90600000e+01 8.83000000e+00
 2.90933483e+01 -5.24900000e+01 3.80300000e+01 8.54000000e+00
 2.91544688e+01 -5.40900000e+01 3.75200000e+01 7.81000000e+00
 2.92155893e+01 -5.59900000e+01 3.64300000e+01 7.67000000e+00
 2.92767097e+01 -5.78900000e+01 3.55500000e+01 7.74000000e+00
 2.93378302e+01 -5.79600000e+01 3.43100000e+01 7.52000000e+00
 2.93989507e+01 -5.95700000e+01 3.41600000e+01 7.30000000e+00
 2.94600712e+01 -6.04400000e+01 3.31400000e+01 6.94000000e+00
 2.95211917e+01 -6.10300000e+01 3.23400000e+01 6.57000000e+00
 2.95823121e+01 -6.24900000e+01 3.13900000e+01 6.64000000e+00
 2.96434326e+01 -6.19800000e+01 3.03700000e+01 6.57000000e+00
 2.97045531e+01 -6.30700000e+01 3.00000000e+01 6.21000000e+00
 2.97656736e+01 -6.36600000e+01 2.84700000e+01 6.13000000e+00
 2.98267941e+01 -6.39500000e+01 2.73700000e+01 6.28000000e+00
 2.98879145e+01 -6.38800000e+01 2.60600000e+01 6.72000000e+00
 2.99490350e+01 -6.35100000e+01 2.57000000e+01 6.21000000e+00
 3.00101555e+01 -6.35100000e+01 2.49700000e+01 5.99000000e+00
 3.00712760e+01 -6.38800000e+01 2.34300000e+01 5.55000000e+00
 3.01323965e+01 -6.34400000e+01 2.25600000e+01 6.06000000e+00
 3.01935169e+01 -6.24900000e+01 2.10200000e+01 6.35000000e+00
 3.02546374e+01 -6.13900000e+01 2.04400000e+01 5.77000000e+00
 3.03157579e+01 -6.19000000e+01 1.91300000e+01 5.99000000e+00
 3.03768784e+01 -6.06600000e+01 1.83200000e+01 6.50000000e+00
 3.04379989e+01 -5.93500000e+01 1.77400000e+01 5.84000000e+00
 3.04991193e+01 -5.95000000e+01 1.59900000e+01 6.35000000e+00
 3.05602398e+01 -5.81100000e+01 1.53300000e+01 6.79000000e+00
 3.06213603e+01 -5.65000000e+01 1.39400000e+01 6.79000000e+00
 3.06824808e+01 -5.52600000e+01 1.26300000e+01 6.79000000e+00
 3.07436013e+01 -5.43100000e+01 1.09500000e+01 7.15000000e+00
 3.08047217e+01 -5.19800000e+01 1.06600000e+01 7.01000000e+00
 3.08658422e+01 -5.11700000e+01 9.71000000e+00 7.30000000e+00
 3.09269627e+01 -4.96400000e+01 8.03000000e+00 7.96000000e+00
 3.09880832e+01 -4.68700000e+01 7.01000000e+00 7.59000000e+00
 3.10492037e+01 -4.60600000e+01 5.40000000e+00 8.39000000e+00
 3.11103241e+01 -4.31400000e+01 4.82000000e+00 8.47000000e+00
 3.11714446e+01 -4.19000000e+01 2.85000000e+00 8.91000000e+00
 3.12325651e+01 -3.87600000e+01 2.77000000e+00 9.20000000e+00
 3.12936856e+01 -3.72300000e+01 1.61000000e+00 9.85000000e+00
 3.13548061e+01 -3.48900000e+01 3.70000000e-01 1.05900000e+01
 3.14159265e+01 -3.16800000e+01 -9.50000000e-01 1.07300000e+01
