-31.39  -1.68   10.88
-28.10  -1.82   11.24
-26.50  -3.43   12.19
-24.09  -3.50   12.48
-20.59  -4.23   13.43
-18.25  -5.55   13.65
-14.75  -5.84   14.23
-12.12  -6.79   15.11
-8.10   -6.79   16.13
-5.84   -7.81   16.86
-1.24   -7.67   17.15
0.44    -7.59   17.81
3.28    -7.96   18.76
7.81    -7.67   19.71
9.85    -7.67   20.44
14.09   -7.01   20.73
15.69   -6.28   22.19
20.44   -5.69   22.41
21.97   -4.53   22.99
23.65   -3.65   23.94
27.52   -2.70   24.09
28.62   -0.29   25.18
31.54   0.37    25.33
32.85   3.28    26.13
34.68   4.23    26.43
35.84   5.11    26.64
36.35   8.69    26.64
36.79   10.15   27.01
37.01   13.21   26.94
36.79   14.67   27.08
37.16   17.15   26.64
35.70   19.42   26.64
34.53   20.80   26.64
34.31   23.87   25.99
31.90   25.77   26.13
30.81   27.59   25.18
28.03   29.27   24.75
25.91   31.61   24.16
22.99   33.43   23.36
20.73   34.46   23.58
18.98   36.28   21.97
14.23   37.52   22.05
12.56   39.13   20.88
7.59    40.15   20.88
5.62    41.10   19.20
0.37    41.90   19.05
-1.46   41.90   18.54
-3.80   43.00   17.74
-8.39   42.85   17.08
-11.10  43.65   16.21
-15.48  43.80   15.26
-18.18  43.43   14.89
-22.12  44.02   13.94
-25.04  43.73   13.21
-29.13  44.09   13.29
-30.59  43.00   12.63
-32.63  42.92   12.05
-36.57  42.92   11.46
-38.54  41.97   10.37
-41.97  41.97   10.37
-43.80  41.25   10.00
-46.87  40.22   9.64
-47.52  39.93   8.83
-49.64  39.20   8.83
-51.90  38.69   8.98
-52.41  37.74   8.03
-55.11  37.23   7.96
-56.28  35.99   7.45
-58.33  35.62   7.67
-58.47  35.04   7.08
-59.57  33.65   6.64
-61.10  33.22   6.86
-61.10  31.75   7.01
-61.90  31.24   6.21
-62.85  29.86   6.28
-63.51  29.13   6.64
-63.07  28.47   5.84
-63.95  27.37   5.99
-63.95  26.64   6.50
-63.22  25.48   5.99
-63.29  24.60   5.69
-63.80  22.78   5.69
-63.15  22.70   5.91
-62.49  21.68   5.69
-62.42  20.07   6.13
-61.17  19.71   5.84
-61.17  18.25   6.06
-59.86  17.23   6.28
-58.47  16.06   6.50
-57.45  14.75   6.42
-56.58  14.31   6.64
-55.84  12.70   6.35
-54.38  12.05   7.01
-52.63  10.59   7.15
-50.88  9.27    7.45
-49.13  8.18    7.81
-47.16  6.86    8.03
-45.77  6.57    8.10
-44.60  4.53    8.39
-42.05  4.38    8.69
-40.22  2.48    9.05
-37.08  1.82    10.00
-34.89  0.15    10.00
-32.05  -0.51   10.51
-30.08  -1.39   10.95
-27.89  -2.48   12.05
-24.16  -3.50   12.63
-22.34  -4.16   12.99
-19.27  -4.89   13.72
-16.50  -5.62   14.38
-12.70  -6.42   15.04
-9.78   -7.01   15.48
-6.72   -7.08   16.28
-3.87   -7.81   17.01
-1.53   -7.52   17.96
3.14    -8.10   18.83
5.48    -7.67   18.91
9.20    -7.30   20.00
11.61   -7.23   20.73
15.84   -6.50   21.53
17.81   -6.13   22.19
20.15   -4.96   22.70
23.07   -3.80   23.29
25.04   -2.70   24.31
28.47   -1.46   24.53
29.78   0.22    25.84
32.85   1.17    25.55
33.43   2.77    25.70
34.02   5.55    26.50
36.13   6.72    26.50
36.28   10.07   27.23
37.45   11.10   27.30
37.67   14.60   26.72
36.57   16.06   27.16
36.65   17.30   26.72
36.13   21.17   26.57
34.24   22.12   26.79
33.58   25.62   25.62
30.37   26.57   25.70
29.78   29.71   25.04
26.50   30.59   24.82
24.97   31.68   23.94
22.63   34.46   23.43
18.54   35.40   22.78
16.42   36.79   21.97
12.70   37.89   21.24
10.07   39.49   20.66
5.99    40.66   19.56
2.99    41.03   20.00
0.95    42.34   18.25
-4.31   42.49   18.10
-6.06   43.51   17.23
-10.88  43.22   16.64
-13.36  43.87   15.69
-17.96  43.87   14.82
-20.59  43.87   14.89
-22.19  44.09   13.58
-27.08  43.80   13.36
-28.76  43.36   12.77
-32.56  43.00   11.90
-35.33  43.00   11.39
-38.54  42.70   11.39
-40.08  41.54   10.66
-41.76  41.17   10.29
-45.26  41.17   9.71
-47.01  40.00   8.98
-50.01  39.64   9.27
-50.81  38.40   9.13
-52.71  38.11   7.96
-54.53  37.23   7.96
-56.58  36.28   8.18
-56.79  36.13   7.37
-58.40  35.19   7.45
-59.57  33.87   7.01
-60.08  32.92   6.86
-61.32  32.63   6.94
-61.54  31.39   6.50
-62.56  30.44   6.35
-63.15  30.00   6.79
-62.85  28.62   6.42
-63.66  27.81   5.91
-63.95  26.21   5.62
-64.09  25.99   6.13
-63.66  24.24   6.42
-62.85  23.65   5.77
-63.73  23.14   5.99
-62.63  21.83   6.28
-61.76  20.59   5.77
-61.98  19.27   5.99
-60.81  19.05   6.28
-60.08  17.37   6.06
-58.98  16.35   6.28
-57.82  15.84   6.21
-57.67  13.72   6.35
-55.84  13.65   6.72
-54.53  11.90   7.01
-52.71  10.51   7.37
-51.10  9.27    7.52
-49.06  8.18    7.59
-47.96  7.96    7.67
-46.72  5.91    7.74
-44.46  5.55    8.39
-42.92  3.87    8.83
-39.79  3.14    9.56
-37.74  1.61    9.64
-35.11  0.80    10.22
-33.22  -0.44   10.44
-31.24  -1.39   11.39
-27.16  -2.77   11.61
-25.40  -2.99   12.26
-22.34  -4.23   12.77
-20.00  -4.75   13.65
-15.62  -5.91   14.45
-13.51  -6.13   14.67
-10.00  -7.01   15.62
-7.23   -7.30   15.99
-5.48   -7.52   17.52
-0.15   -8.25   17.45
1.53    -7.81   18.61
6.06    -8.03   19.20
8.47    -7.15   20.15
12.34   -7.59   21.10
14.75   -7.30   21.02
16.79   -5.55   22.26
20.88   -5.55   22.85
23.14   -3.72   23.80
26.35   -3.50   24.24
27.96   -0.80   24.53
30.00   0.15    25.33
32.12   0.80    25.55
33.00   3.50    26.57
35.04   4.23    26.21
36.06   8.25    26.64
36.43   9.13    27.01
37.23   12.12   27.08
37.08   13.43   27.23
37.52   14.97   27.01
36.57   18.83   26.86
35.33   20.07   26.79
34.53   23.43   26.50
32.85   24.31   25.99
31.54   27.45   25.48
28.69   28.62   24.89
26.72   30.59   24.82
25.26   32.70   23.51
20.80   34.16   23.51
19.42   36.21   22.56
15.48   36.79   22.48
13.72   38.98   20.80
8.25    39.42   20.51
5.91    40.81   20.00
3.28    41.39   18.83
-1.61   42.27   18.54
-3.36   43.00   17.67
-8.32   42.85   17.08
-10.66  43.65   16.21
-15.69  43.87   15.18
-18.47  44.02   15.33
-20.07  44.24   14.38
-24.45  44.09   13.58
-26.72  43.36   12.77
-30.81  43.87   12.63
-33.07  43.14   11.90
-37.08  42.19   11.68
-38.76  42.70   10.95
-40.95  42.19   10.51
-44.02  41.10   10.22
-45.41  40.44   9.27
-48.11  40.30   9.56
-49.13  39.27   8.69
-51.68  38.62   8.39
-53.51  37.52   7.81
-55.77  37.08   8.10
-55.99  36.86   7.88
-57.23  35.84   7.45
-59.20  34.68   7.15
-59.64  33.36   6.64
-61.10  33.07   7.08
-61.17  31.83   6.79
-61.83  31.46   6.28
-63.22  30.22   6.28
-63.22  28.69   5.91
-63.80  28.76   6.28
-63.58  27.16   6.28
-63.15  26.35   5.77
-64.09  25.26   5.91
-63.73  24.02   6.13
-63.07  23.87   5.77
-63.36  22.48   6.21
-62.27  21.32   5.84
-61.98  19.86   5.99
-61.32  19.49   6.13
-60.30  18.03   6.06
-59.28  16.72   6.21
-58.55  16.42   6.35
-57.82  14.97   6.13
-56.50  13.87   6.94
-55.04  12.19   7.15
-52.93  11.39   6.57
-52.49  9.71    7.15
-50.15  9.20    7.59
-48.69  7.96    7.67
-47.30  6.79    8.10
-44.90  5.62    8.32
-43.87  3.87    8.76
-40.15  3.50    8.61
-39.49  1.61    9.49
-35.70  1.46    9.93
-34.09  0.51    10.51
-32.05  -0.88   10.51
-28.83  -1.75   11.53
-26.50  -2.85   12.05
-23.14  -3.80   12.85
-20.88  -4.31   13.29
-17.74  -5.26   14.09
-15.04  -5.99   14.31
-13.07  -6.57   15.55
-8.47   -7.45   15.55
-6.79   -7.52   16.79
-1.97   -7.96   17.37
0.15    -7.81   18.69
5.04    -8.39   18.91
7.45    -8.03   19.34
8.98    -7.52   20.51
13.58   -7.30   20.80
15.55   -6.50   22.34
20.00   -6.28   22.41
21.53   -4.23   23.36
24.97   -3.80   23.87
26.94   -1.61   24.67
29.42   -0.95   25.48
31.54   -0.22   25.26
32.27   2.99    25.91
34.09   4.09    26.28
35.26   6.94    26.64
36.13   8.32    27.30
37.23   10.88   26.72
36.94   13.07   26.86
36.79   14.16   27.23
37.01   17.45   26.72
35.99   19.27   27.01
35.55   21.83   26.13
33.00   23.58   26.28
32.12   26.28   25.62
29.49   28.32   25.62
28.18   28.76   25.26
27.16   32.27   24.16
22.63   33.07   23.94
21.10   35.33   23.07
16.94   35.99   22.78
15.40   38.25   21.39
10.07   39.06   21.10
8.18    39.71   20.37
5.40    40.73   19.56
1.10    41.68   18.83
-1.53   42.56   17.88
-6.64   43.14   17.81
-8.76   43.80   16.21
-13.80  43.65   16.21
-15.55  43.80   15.40
-18.40  43.65   14.60
-22.70  44.24   14.02
-24.60  44.17   13.36
-28.98  43.36   13.29
-30.44  43.36   12.41
-34.97  42.92   11.68
-37.30  43.00   11.75
-38.54  42.49   10.88
-42.12  41.76   10.44
-43.87  40.66   9.64
-47.01  40.73   9.64
-48.18  39.71   9.49
-50.81  38.84   8.47
-52.63  38.54   8.76
-53.29  37.60   8.39
-55.11  37.08   7.59
-56.87  36.28   7.67
-58.04  34.97   7.23
-58.98  34.16   6.94
-60.44  33.65   7.52
-60.22  32.34   6.94
-61.83  31.97   6.42
-62.27  30.73   6.86
-62.42  29.56   6.21
-63.22  29.49   6.50
-63.22  27.89   6.28
-63.73  27.01   5.84
-63.95  25.77   5.77
-64.17  25.11   6.13
-63.51  24.45   5.99
-63.58  22.92   5.69
-63.22  22.12   5.91
-62.20  20.44   6.21
-61.25  20.29   5.69
-61.47  18.76   5.91
-60.08  17.45   6.35
-59.06  17.08   5.84
-58.91  15.48   6.50
-57.16  14.82   6.79
-55.70  13.36   6.72
-54.31  12.05   6.64
-53.29  10.51   7.23
-50.81  9.85    7.01
-50.44  9.20    7.59
-48.47  7.74    7.96
-46.14  6.06    8.10
-44.75  5.18    8.69
-42.05  4.31    8.39
-40.95  2.34    9.49
-37.08  1.82    9.13
-36.06  1.53    9.78
-34.02  -0.15   10.44
-30.81  -0.80   11.10
-28.32  -2.12   11.39
-25.48  -2.77   12.05
-23.07  -4.16   12.85
-19.42  -4.60   13.58
-16.94  -5.77   13.80
-15.04  -6.06   14.82
-10.66  -6.72   14.97
-8.91   -7.15   16.64
-3.58   -7.81   16.72
-1.61   -7.37   17.81
2.48    -8.10   18.10
4.60    -7.67   18.61
6.50    -7.96   20.07
11.61   -7.52   20.00
12.99   -6.79   21.61
18.03   -6.35   21.90
19.78   -5.04   23.07
23.87   -4.82   23.29
24.60   -3.28   23.51
26.50   -1.82   24.60
29.78   -0.80   24.67
30.88   1.24    25.99
33.80   2.48    25.55
34.16   5.40    26.57
35.99   6.79    26.43
36.50   8.61    26.94
36.94   10.80   26.94
37.30   12.92   26.64
36.50   15.91   26.86
36.72   17.67   26.79
35.55   20.44   26.94
34.89   22.12   25.91
33.00   25.18   26.13
30.95   26.79   25.33
29.20   28.54   25.55
27.89   30.66   24.24
24.16   32.27   24.16
22.70   34.46   23.14
18.69   35.55   22.92
17.08   37.38   21.75
11.90   38.25   21.32
10.07   38.98   20.80
7.37    40.44   20.15
3.28    41.17   19.20
0.37    42.12   18.25
-4.45   43.00   17.81
-7.23   43.14   16.50
-12.19  43.95   16.35
-14.09  43.51   15.77
-16.50  43.58   15.04
-20.44  44.17   14.38
-23.43  43.87   13.36
-27.74  43.95   13.58
-29.27  43.65   12.56
-33.65  43.22   11.83
-35.84  43.00   11.97
-37.01  42.49   11.10
-40.66  41.61   10.66
-42.41  40.66   10.07
-45.55  41.17   9.56
-47.30  40.00   9.56
-50.01  39.13   8.91
-51.32  39.06   8.83
-52.49  38.03   8.54
-54.09  37.52   7.81
-55.99  36.43   7.67
-57.89  35.55   7.74
-57.96  34.31   7.52
-59.57  34.16   7.30
-60.44  33.14   6.94
-61.03  32.34   6.57
-62.49  31.39   6.64
-61.98  30.37   6.57
-63.07  30.00   6.21
-63.66  28.47   6.13
-63.95  27.37   6.28
-63.88  26.06   6.72
-63.51  25.70   6.21
-63.51  24.97   5.99
-63.88  23.43   5.55
-63.44  22.56   6.06
-62.49  21.02   6.35
-61.39  20.44   5.77
-61.90  19.13   5.99
-60.66  18.32   6.50
-59.35  17.74   5.84
-59.50  15.99   6.35
-58.11  15.33   6.79
-56.50  13.94   6.79
-55.26  12.63   6.79
-54.31  10.95   7.15
-51.98  10.66   7.01
-51.17  9.71    7.30
-49.64  8.03    7.96
-46.87  7.01    7.59
-46.06  5.40    8.39
-43.14  4.82    8.47
-41.90  2.85    8.91
-38.76  2.77    9.20
-37.23  1.61    9.85
-34.89  0.37    10.59
-31.68  -0.95   10.73
